1783250407095 0.015318912453949451 0
1783250407140 0.010849758051335812 1
1783250407177 0.011048565618693829 2
1783250407217 0.00902134831994772 3
1783250407254 0.008630584925413132 4
1783250407290 0.009559359401464462 5
1783250407327 0.009692388586699963 6
1783250407363 0.010452352464199066 7
1783250407400 0.009205023758113384 8
1783250407436 0.009579531848430634 9
1783250407471 0.008898557163774967 10
1783250407509 0.006965989712625742 11
1783250407546 0.007341661956161261 12
1783250407582 0.007015421986579895 13
1783250407620 0.007203663233667612 14
1783250407655 0.006739296019077301 15
1783250407691 0.006304521579295397 16
1783250407729 0.007521219551563263 17
1783250407765 0.0065442160703241825 18
1783250407801 0.004994066897779703 19
1783250407839 0.006390888709574938 20
1783250407876 0.0070887175388634205 21
1783250407912 0.007639021147042513 22
1783250407949 0.006572740618139505 23
1783250407986 0.006211231928318739 24
1783250408023 0.006219575181603432 25
1783250408060 0.006033786106854677 26
1783250408096 0.0049416921101510525 27
1783250408133 0.005752837751060724 28
1783250408169 0.00597810884937644 29
1783250408205 0.004831327125430107 30
1783250408242 0.00478181429207325 31
1783250408278 0.005330245941877365 32
1783250408315 0.0053368001244962215 33
1783250408351 0.005047400947660208 34
1783250408388 0.005079598631709814 35
1783250408424 0.005579938646405935 36
1783250408459 0.004874891601502895 37
1783250408496 0.004987661261111498 38
1783250408533 0.0057375007309019566 39
1783250408570 0.004679858218878508 40
1783250408607 0.004693055525422096 41
1783250408645 0.00470094894990325 42
1783250408679 0.005947508383542299 43
1783250408716 0.006009421776980162 44
1783250408753 0.0051968456245958805 45
1783250408789 0.005249918904155493 46
1783250408826 0.005408118013292551 47
1783250408863 0.005796211306005716 48
1783250408899 0.004239428322762251 49
1783250408936 0.005443243309855461 50
1783250408972 0.0051865787245333195 51
1783250409008 0.005523361265659332 52
1783250409045 0.005064759869128466 53
1783250409085 0.00575898215174675 54
1783250409118 0.006151366513222456 55
1783250409154 0.005165250971913338 56
1783250409190 0.005895103793591261 57
1783250409227 0.0049355472438037395 58
1783250409264 0.0042218551971018314 59
1783250409301 0.004464415833353996 60
1783250409337 0.0044721937738358974 61
1783250409374 0.004604802001267672 62
1783250409410 0.005452506709843874 63
1783250409447 0.005244674161076546 64
1783250409484 0.006078958511352539 65
1783250409519 0.0054071745835244656 66
1783250409557 0.004658192861825228 67
1783250409593 0.004716882016509771 68
1783250409631 0.0055107176303863525 69
1783250409669 0.004874951671808958 70
1783250409706 0.00451264251023531 71
1783250409745 0.004687738139182329 72
1783250409780 0.005342479795217514 73
1783250409818 0.00469296844676137 74
1783250409856 0.005430571734905243 75
1783250409893 0.004805367439985275 76
1783250409930 0.004470463376492262 77
1783250409966 0.005328528117388487 78
1783250410002 0.0038751987740397453 79
1783250410039 0.0048699816688895226 80
1783250410075 0.004649757407605648 81
1783250410112 0.004491433966904879 82
1783250410149 0.006970573216676712 83
1783250410185 0.005382981617003679 84
1783250410222 0.005022117868065834 85
1783250410258 0.0053850398398935795 86
1783250410294 0.00531763955950737 87
1783250410336 0.004679339937865734 88
1783250410374 0.0052036396227777 89
1783250410411 0.004761626478284597 90
1783250410448 0.005643656477332115 91
1783250410484 0.00530370743945241 92
1783250410521 0.004763721022754908 93
1783250410555 0.006074102129787207 94
1783250410591 0.005895992740988731 95
1783250410627 0.005446454975754023 96
1783250410663 0.006036010105162859 97
1783250410699 0.004947890527546406 98
1783250410736 0.004737654235213995 99
1783250410771 0.005288181360810995 100
1783250410810 0.004710459616035223 101
1783250410847 0.005009675398468971 102
1783250410883 0.005192780867218971 103
1783250410920 0.00516819953918457 104
1783250410956 0.005241277161985636 105
1783250410992 0.004600751679390669 106
1783250411028 0.004766324069350958 107
1783250411063 0.006508160382509232 108
1783250411101 0.005571283865720034 109
1783250411135 0.005063181277364492 110
1783250411172 0.005512511357665062 111
1783250411208 0.004239570815116167 112
1783250411243 0.004134209360927343 113
1783250411279 0.004588847514241934 114
1783250411317 0.005409399513155222 115
1783250411352 0.005519326310604811 116
1783250411385 0.004824736621230841 117
1783250411421 0.004190018866211176 118
1783250411459 0.004104555118829012 119
1783250411495 0.003883854253217578 120
1783250411531 0.004370314534753561 121
1783250411568 0.0054828207939863205 122
1783250411606 0.0054055931977927685 123
1783250411832 0.005462996661663055 124
1783250411871 0.004946677479892969 125
1783250411907 0.00544810900464654 126
1783250411944 0.00509054446592927 127
1783250411980 0.004974826704710722 128
1783250412017 0.004749498795717955 129
1783250412054 0.004939625505357981 130
1783250412092 0.005933109670877457 131
1783250412128 0.0052328151650726795 132
1783250412165 0.005713304504752159 133
1783250412202 0.005363965407013893 134
1783250412238 0.004931257106363773 135
1783250412277 0.004607280250638723 136
1783250412314 0.0036134831607341766 137
1783250412350 0.004928065929561853 138
1783250412386 0.004604873713105917 139
1783250412423 0.004936685785651207 140
1783250412458 0.004342422354966402 141
1783250412494 0.004952697549015284 142
1783250412531 0.0059051513671875 143
1783250412567 0.005266217514872551 144
1783250412603 0.005672917235642672 145
1783250412641 0.004734819754958153 146
1783250412675 0.004434762056916952 147
1783250412713 0.004780296701937914 148
1783250412750 0.004476781003177166 149
1783250412789 0.004584355745464563 150
1783250412828 0.005097288638353348 151
1783250412869 0.004406609572470188 152
1783250412908 0.004993796814233065 153
1783250412946 0.004737088922411203 154
1783250412983 0.005058376584202051 155
1783250413019 0.0054713585413992405 156
1783250413055 0.004393127281218767 157
1783250413092 0.004949916619807482 158
1783250413127 0.004939896520227194 159
1783250413165 0.005280076991766691 160
1783250413202 0.005612187087535858 161
1783250413239 0.0056802500039339066 162
1783250413275 0.005362136755138636 163
1783250413313 0.0045027281157672405 164
1783250413352 0.0038975588977336884 165
1783250413388 0.004245817195624113 166
1783250413424 0.004763836041092873 167
1783250413460 0.005987945478409529 168
1783250413496 0.0046677072532474995 169
1783250413531 0.00466016074642539 170
1783250413568 0.005178302992135286 171
1783250413604 0.0047797211445868015 172
1783250413640 0.005116178188472986 173
1783250413679 0.005920191761106253 174
1783250413717 0.005321826785802841 175
1783250413755 0.006005818024277687 176
1783250413792 0.005435329396277666 177
1783250413828 0.004885886330157518 178
1783250413864 0.004889519419521093 179
1783250413899 0.005152891855686903 180
1783250413938 0.004577867221087217 181
1783250413976 0.004758462309837341 182
1783250414015 0.005799895152449608 183
1783250414053 0.006300554145127535 184
1783250414092 0.005137159023433924 185
1783250414132 0.005872194189578295 186
1783250414171 0.004785280209034681 187
1783250414209 0.005309719126671553 188
1783250414244 0.005082113668322563 189
1783250414281 0.00519120367243886 190
1783250414317 0.005192237440496683 191
1783250414353 0.004716816358268261 192
1783250414388 0.00565718300640583 193
1783250414422 0.005507067311555147 194
1783250414458 0.00481358403339982 195
1783250414494 0.00459705526009202 196
1783250414532 0.0048074740916490555 197
1783250414569 0.004273790866136551 198
1783250414604 0.004176399204879999 199
1783250414642 0.004628092981874943 200
1783250414678 0.004013018682599068 201
1783250414716 0.00502391392365098 202
1783250414754 0.00453406386077404 203
1783250414791 0.004141968674957752 204
1783250414828 0.003880932927131653 205
1783250414865 0.004226366523653269 206
1783250414901 0.005372280720621347 207
1783250414938 0.005054868292063475 208
1783250414975 0.0051938327960669994 209
1783250415012 0.004462276119738817 210
1783250415048 0.005684421863406897 211
1783250415084 0.005811306182295084 212
1783250415122 0.00520350830629468 213
1783250415159 0.004595533479005098 214
1783250415197 0.005108366254717112 215
1783250415234 0.004555696155875921 216
1783250415271 0.0046598054468631744 217
1783250415307 0.004656967241317034 218
1783250415344 0.005027847830206156 219
1783250415381 0.0054932511411607265 220
1783250415419 0.00518780155107379 221
1783250415456 0.005339255556464195 222
1783250415492 0.005846951622515917 223
1783250415530 0.005113560706377029 224
1783250415566 0.004717962350696325 225
1783250415605 0.005227746907621622 226
1783250415643 0.0049988385289907455 227
1783250415682 0.005155118647962809 228
1783250415721 0.003821619087830186 229
1783250415759 0.004780336748808622 230
1783250415802 0.004995867144316435 231
1783250415838 0.004823906347155571 232
1783250415876 0.004896257072687149 233
1783250415913 0.005205844063311815 234
1783250415950 0.0041383495554327965 235
1783250415987 0.004400191362947226 236
1783250416023 0.003961366135627031 237
1783250416059 0.004789524246007204 238
1783250416098 0.004951371345669031 239
1783250416136 0.003924485761672258 240
1783250416173 0.004699318669736385 241
1783250416211 0.0048863510601222515 242
1783250416248 0.0036950763314962387 243
1783250416285 0.0037621285300701857 244
1783250416322 0.004642616491764784 245
1783250416358 0.00429439265280962 246
1783250416395 0.004841246642172337 247
1783250416605 0.003946364391595125 248
1783250416642 0.005262386053800583 249
1783250416679 0.0048653744161129 250
1783250416715 0.004617912694811821 251
1783250416749 0.005616938229650259 252
1783250416784 0.005676603410393 253
1783250416820 0.005562230944633484 254
1783250416854 0.005009059328585863 255
1783250416887 0.005753522273153067 256
1783250416921 0.005028851795941591 257
1783250416955 0.005498527083545923 258
1783250416990 0.005369078367948532 259
1783250417025 0.004614512901753187 260
1783250417059 0.00471994373947382 261
1783250417095 0.003971210215240717 262
1783250417132 0.0043097445741295815 263
1783250417169 0.004431125707924366 264
1783250417204 0.004479624330997467 265
1783250417240 0.004968471359461546 266
1783250417276 0.005181232932955027 267
1783250417311 0.005043461453169584 268
1783250417346 0.005963355302810669 269
1783250417381 0.004713236819952726 270
1783250417416 0.003808876732364297 271
1783250417451 0.0054000988602638245 272
1783250417487 0.005562524776905775 273
1783250417523 0.004582561552524567 274
1783250417558 0.005571021232753992 275
1783250417594 0.004395468160510063 276
1783250417630 0.005892477929592133 277
1783250417664 0.005147926509380341 278
1783250417701 0.004760317504405975 279
1783250417737 0.005495969206094742 280
1783250417772 0.0045762574300169945 281
1783250417808 0.005458242725580931 282
1783250417844 0.005812783259898424 283
1783250417880 0.005358738824725151 284
1783250417920 0.005680935923010111 285
1783250417957 0.004530726466327906 286
1783250417994 0.00532406335696578 287
1783250418032 0.0050100828520953655 288
1783250418069 0.0052467756904661655 289
1783250418107 0.004590896423906088 290
1783250418145 0.0055669150315225124 291
1783250418183 0.005025763530284166 292
1783250418220 0.004898234270513058 293
1783250418258 0.00604662811383605 294
1783250418295 0.005379050504416227 295
1783250418333 0.004937757272273302 296
1783250418370 0.004405654035508633 297
1783250418409 0.00462736701592803 298
1783250418446 0.004937445744872093 299
1783250418484 0.005746936891227961 300
1783250418522 0.0056657311506569386 301
1783250418559 0.006171977147459984 302
1783250418597 0.005110160913318396 303
1783250418634 0.004878296051174402 304
1783250418672 0.005897590424865484 305
1783250418709 0.00505116768181324 306
1783250418746 0.00486461166292429 307
1783250418784 0.0054399482905864716 308
1783250418821 0.004722206853330135 309
1783250418857 0.005577040836215019 310
1783250418893 0.004438313189893961 311
1783250418928 0.00522267771884799 312
1783250418964 0.006826871540397406 313
1783250419000 0.005913627799600363 314
1783250419037 0.005877725314348936 315
1783250419074 0.004468459635972977 316
1783250419111 0.004905931651592255 317
1783250419152 0.004970581736415625 318
1783250419190 0.005771209951490164 319
1783250419227 0.004832916427403688 320
1783250419264 0.005771644413471222 321
1783250419301 0.00491742230951786 322
1783250419336 0.004160183481872082 323
1783250419373 0.004111774731427431 324
1783250419412 0.004830257501453161 325
1783250419448 0.005307940300554037 326
1783250419485 0.005617052316665649 327
1783250419522 0.005226578563451767 328
1783250419558 0.0048100207932293415 329
1783250419597 0.004901188891381025 330
1783250419633 0.006042264401912689 331
1783250419667 0.0044101811945438385 332
1783250419707 0.005459690932184458 333
1783250419749 0.0067324345000088215 334
1783250419785 0.005173750687390566 335
1783250419819 0.004562615882605314 336
1783250419856 0.004809093661606312 337
1783250419892 0.005202737636864185 338
1783250419926 0.005728268530219793 339
1783250419965 0.004380668047815561 340
1783250420002 0.004991765599697828 341
1783250420039 0.0055064912885427475 342
1783250420077 0.004323936533182859 343
1783250420115 0.004509213846176863 344
1783250420153 0.00457591051235795 345
1783250420191 0.004802573472261429 346
1783250420227 0.004728691652417183 347
1783250420264 0.005594547837972641 348
1783250420300 0.004895043093711138 349
1783250420337 0.004804598167538643 350
1783250420374 0.0050952439196407795 351
1783250420411 0.0049472530372440815 352
1783250420448 0.0053214929066598415 353
1783250420485 0.005352821201086044 354
1783250420521 0.004569759126752615 355
1783250420559 0.004164981655776501 356
1783250420596 0.005096228327602148 357
1783250420632 0.005013992544263601 358
1783250420668 0.004880813416093588 359
1783250420705 0.005073652137070894 360
1783250420743 0.004696597810834646 361
1783250420781 0.005562523379921913 362
1783250420818 0.0051130084320902824 363
1783250420854 0.0052902777679264545 364
1783250420890 0.005237483885139227 365
1783250420927 0.005047783255577087 366
1783250420964 0.004832911305129528 367
1783250421002 0.0061595384031534195 368
1783250421038 0.006572399288415909 369
1783250421075 0.005274832248687744 370
1783250421112 0.005490586161613464 371
