1783250446026 0.01690935716032982 0
1783250446071 0.012252702377736568 1
1783250446111 0.011655602604150772 2
1783250446151 0.009747718460857868 3
1783250446188 0.009345323778688908 4
1783250446227 0.008654594421386719 5
1783250446263 0.008842718787491322 6
1783250446299 0.008307634852826595 7
1783250446338 0.009027457796037197 8
1783250446374 0.008623332716524601 9
1783250446413 0.009234664961695671 10
1783250446450 0.010188374668359756 11
1783250446488 0.00904286839067936 12
1783250446522 0.008551050908863544 13
1783250446561 0.00817993562668562 14
1783250446597 0.006728647276759148 15
1783250446634 0.007866418920457363 16
1783250446671 0.007684133481234312 17
1783250446706 0.007113214582204819 18
1783250446745 0.007332274690270424 19
1783250446785 0.006154902279376984 20
1783250446823 0.0057434081099927425 21
1783250446860 0.0072564538568258286 22
1783250446896 0.006625900510698557 23
1783250446931 0.006461141165345907 24
1783250446969 0.0052066161297261715 25
1783250447006 0.00624622218310833 26
1783250447043 0.004767366219311953 27
1783250447079 0.006174256559461355 28
1783250447116 0.005607748404145241 29
1783250447154 0.0053436304442584515 30
1783250447192 0.006489437073469162 31
1783250447229 0.005831268150359392 32
1783250447266 0.005652926862239838 33
1783250447304 0.005653135944157839 34
1783250447339 0.0060043614357709885 35
1783250447376 0.006114998832345009 36
1783250447410 0.00595532963052392 37
1783250447447 0.005602146964520216 38
1783250447484 0.005448753479868174 39
1783250447523 0.006077402736991644 40
1783250447561 0.007520724553614855 41
1783250447599 0.00621012644842267 42
1783250447635 0.00509653752669692 43
1783250447672 0.005659893155097961 44
1783250447705 0.0059697385877370834 45
1783250447741 0.005493655800819397 46
1783250447777 0.005525629501789808 47
1783250447814 0.0057189189828932285 48
1783250447850 0.005072780419141054 49
1783250447887 0.005630886647850275 50
1783250447926 0.0045940810814499855 51
1783250447964 0.004968220833688974 52
1783250448001 0.005131287034600973 53
1783250448038 0.00606572674587369 54
1783250448076 0.005653813481330872 55
1783250448110 0.006404279265552759 56
1783250448146 0.006943467538803816 57
1783250448181 0.005712224170565605 58
1783250448217 0.006204319652169943 59
1783250448255 0.005750178825110197 60
1783250448289 0.004892709199339151 61
1783250448326 0.005555558484047651 62
1783250448360 0.006454582791775465 63
1783250448395 0.005808320362120867 64
1783250448428 0.005514547694474459 65
1783250448464 0.0052168224938213825 66
1783250448500 0.005259189289063215 67
1783250448535 0.005290697794407606 68
1783250448571 0.00601354381069541 69
1783250448607 0.004635712597519159 70
1783250448643 0.006786529440432787 71
1783250448679 0.005903115030378103 72
1783250448715 0.00595531752333045 73
1783250448751 0.005408827215433121 74
1783250448786 0.0059206984005868435 75
1783250448822 0.005568774417042732 76
1783250448859 0.006114726420491934 77
1783250448896 0.006707874592393637 78
1783250448931 0.005849424283951521 79
1783250448966 0.005901650991290808 80
1783250449001 0.00508043123409152 81
1783250449036 0.0045098718255758286 82
1783250449070 0.005081877578049898 83
1783250449104 0.004942834842950106 84
1783250449140 0.005728395655751228 85
1783250449175 0.005766327027231455 86
1783250449211 0.005448386073112488 87
1783250449246 0.005975747015327215 88
1783250449282 0.005364882294088602 89
1783250449316 0.006422874052077532 90
1783250449351 0.005304200574755669 91
1783250449387 0.005309020634740591 92
1783250449421 0.004775138571858406 93
1783250449456 0.005870753899216652 94
1783250449492 0.0049353050999343395 95
1783250449527 0.005169778596609831 96
1783250449562 0.0057576801627874374 97
1783250449600 0.00573539175093174 98
1783250449637 0.006776151712983847 99
1783250449674 0.0056498683989048 100
1783250449713 0.005190856289118528 101
1783250449754 0.005410587880760431 102
1783250449793 0.0054802787490189075 103
1783250449829 0.004486787132918835 104
1783250449863 0.005807769950479269 105
1783250449898 0.0063918898813426495 106
1783250449937 0.0059078591875731945 107
1783250449976 0.0051684002391994 108
1783250450014 0.005947824101895094 109
1783250450053 0.006132784765213728 110
1783250450091 0.004852123558521271 111
1783250450128 0.005202953238040209 112
1783250450167 0.004317598417401314 113
1783250450204 0.004811802878975868 114
1783250450240 0.005210030823945999 115
1783250450276 0.004951469134539366 116
1783250450311 0.005745547357946634 117
1783250450346 0.006156965624541044 118
1783250450381 0.005584646016359329 119
1783250450418 0.005831149872392416 120
1783250450454 0.005337351933121681 121
1783250450491 0.00487928744405508 122
1783250450528 0.006442053709179163 123
1783250450772 0.004783359821885824 124
1783250450812 0.005351213738322258 125
1783250450846 0.005988982040435076 126
1783250450881 0.004867663141340017 127
1783250450919 0.005153082776814699 128
1783250450959 0.004698545206338167 129
1783250450999 0.005346270743757486 130
1783250451037 0.004664211068302393 131
1783250451076 0.005507938098162413 132
1783250451113 0.00418947683647275 133
1783250451150 0.004942241590470076 134
1783250451186 0.004594672005623579 135
1783250451220 0.0051652719266712666 136
1783250451256 0.004327983129769564 137
1783250451292 0.004954589996486902 138
1783250451328 0.004903411027044058 139
1783250451363 0.004700269550085068 140
1783250451399 0.005503995344042778 141
1783250451434 0.004034737125039101 142
1783250451468 0.00489015644416213 143
1783250451505 0.004742004442960024 144
1783250451542 0.005285493563860655 145
1783250451579 0.004864807240664959 146
1783250451616 0.004917891696095467 147
1783250451654 0.004218290094286203 148
1783250451691 0.0045228940434753895 149
1783250451727 0.0049956608563661575 150
1783250451764 0.004634490702301264 151
1783250451800 0.006099928170442581 152
1783250451838 0.004618842154741287 153
1783250451875 0.005197156220674515 154
1783250451912 0.0046479892916977406 155
1783250451949 0.0038220554124563932 156
1783250451986 0.004213031381368637 157
1783250452023 0.00511790020391345 158
1783250452060 0.004725368227809668 159
1783250452095 0.005194842349737883 160
1783250452132 0.0053921653889119625 161
1783250452169 0.004803104791790247 162
1783250452205 0.005387087818235159 163
1783250452243 0.005499554332345724 164
1783250452279 0.005295074079185724 165
1783250452317 0.004913176875561476 166
1783250452353 0.005850823130458593 167
1783250452389 0.004886496812105179 168
1783250452425 0.004775157663971186 169
1783250452462 0.00443631736561656 170
1783250452499 0.004193126689642668 171
1783250452532 0.005126480013132095 172
1783250452568 0.004898046609014273 173
1783250452604 0.004364778753370047 174
1783250452640 0.005164237692952156 175
1783250452678 0.004940240178257227 176
1783250452715 0.0049868240021169186 177
1783250452754 0.004910387098789215 178
1783250452792 0.005310130771249533 179
1783250452831 0.005891112610697746 180
1783250452865 0.006031919736415148 181
1783250452900 0.004837437067180872 182
1783250452936 0.004558755550533533 183
1783250452971 0.004779627081006765 184
1783250453006 0.004293350502848625 185
1783250453040 0.004595038015395403 186
1783250453074 0.004945279564708471 187
1783250453108 0.005435022991150618 188
1783250453143 0.004932903219014406 189
1783250453181 0.005067349411547184 190
1783250453217 0.005020536947995424 191
1783250453254 0.0045181442983448505 192
1783250453287 0.004396185278892517 193
1783250453323 0.004352191928774118 194
1783250453359 0.003579852869734168 195
1783250453393 0.004100217949599028 196
1783250453428 0.004693618509918451 197
1783250453464 0.004800870548933744 198
1783250453500 0.005099141504615545 199
1783250453536 0.005809591617435217 200
1783250453572 0.0046941740438342094 201
1783250453607 0.005592878442257643 202
1783250453644 0.004158919211477041 203
1783250453680 0.005094295833259821 204
1783250453716 0.004183898214250803 205
1783250453752 0.0053960103541612625 206
1783250453788 0.004864114802330732 207
1783250453824 0.004022167529910803 208
1783250453860 0.004736484494060278 209
1783250453896 0.005128644406795502 210
1783250453932 0.004856694955378771 211
1783250453968 0.004910754505544901 212
1783250454004 0.005335656460374594 213
1783250454041 0.004680190701037645 214
1783250454078 0.004672288428992033 215
1783250454114 0.003928930964320898 216
1783250454150 0.004989613313227892 217
1783250454186 0.005575873423367739 218
1783250454222 0.004718495532870293 219
1783250454258 0.005296329502016306 220
1783250454292 0.005386334378272295 221
1783250454329 0.0049380469135940075 222
1783250454368 0.005041486117988825 223
1783250454407 0.00401470297947526 224
1783250454442 0.004994010552763939 225
1783250454478 0.004807691555470228 226
1783250454513 0.004973466973751783 227
1783250454550 0.004306364338845015 228
1783250454588 0.004834101535379887 229
1783250454633 0.005275023635476828 230
1783250454672 0.0045311665162444115 231
1783250454709 0.005136255174875259 232
1783250454747 0.004891404882073402 233
1783250454783 0.00400991877540946 234
1783250454822 0.004531601443886757 235
1783250454859 0.005639210809022188 236
1783250454897 0.004238232038915157 237
1783250454935 0.005419859196990728 238
1783250454973 0.004376396536827087 239
1783250455009 0.004969795700162649 240
1783250455046 0.005138480570167303 241
1783250455083 0.0050256457179784775 242
1783250455118 0.0047975885681807995 243
1783250455154 0.004740983713418245 244
1783250455187 0.004256643820554018 245
1783250455224 0.004515004809945822 246
1783250455261 0.004805173259228468 247
1783250455470 0.005081363953649998 248
1783250455507 0.004302061628550291 249
1783250455541 0.005053251516073942 250
1783250455577 0.005446904804557562 251
1783250455611 0.004466835409402847 252
1783250455645 0.004405660089105368 253
1783250455679 0.004109576810151339 254
1783250455714 0.004812238272279501 255
1783250455748 0.005865087732672691 256
1783250455783 0.004542754031717777 257
1783250455819 0.0046389601193368435 258
1783250455853 0.004764094483107328 259
1783250455887 0.004444296471774578 260
1783250455923 0.004882116336375475 261
1783250455958 0.004274190869182348 262
1783250455994 0.005096789449453354 263
1783250456029 0.004910711664706469 264
1783250456065 0.00486295111477375 265
1783250456102 0.00449576647952199 266
1783250456138 0.003935260232537985 267
1783250456174 0.00432487390935421 268
1783250456211 0.004587502684444189 269
1783250456246 0.005273440387099981 270
1783250456282 0.0040452308021485806 271
1783250456316 0.004646406974643469 272
1783250456351 0.004899041727185249 273
1783250456384 0.004606808070093393 274
1783250456419 0.004166953731328249 275
1783250456452 0.00539872283115983 276
1783250456487 0.00523940846323967 277
1783250456521 0.005169357638806105 278
1783250456555 0.00547808175906539 279
1783250456589 0.004546205513179302 280
1783250456624 0.0037157118786126375 281
1783250456658 0.005762863904237747 282
1783250456692 0.005688028875738382 283
1783250456726 0.004275586921721697 284
1783250456760 0.00487198680639267 285
1783250456795 0.004983898717910051 286
1783250456829 0.0045788525603711605 287
1783250456865 0.005430768709629774 288
1783250456902 0.004955835174769163 289
1783250456937 0.004972260911017656 290
1783250456972 0.004489721730351448 291
1783250457007 0.004579213447868824 292
1783250457041 0.005591730121523142 293
1783250457075 0.005521126091480255 294
1783250457111 0.005418318789452314 295
1783250457146 0.005571270361542702 296
1783250457181 0.006064422428607941 297
1783250457216 0.004530483856797218 298
1783250457251 0.004775815177708864 299
1783250457287 0.004998934920877218 300
1783250457322 0.005280184093862772 301
1783250457357 0.005366972181946039 302
1783250457392 0.00478406623005867 303
1783250457426 0.00472099706530571 304
1783250457461 0.005942854564636946 305
1783250457500 0.004312159493565559 306
1783250457538 0.00471147708594799 307
1783250457574 0.0043404544703662395 308
1783250457607 0.004738648887723684 309
1783250457642 0.004052303731441498 310
1783250457677 0.004719865508377552 311
1783250457713 0.004378481302410364 312
1783250457751 0.005729107651859522 313
1783250457790 0.004757384303957224 314
1783250457828 0.005275119096040726 315
1783250457865 0.005305204540491104 316
1783250457902 0.005503907334059477 317
1783250457940 0.004234491381794214 318
1783250457978 0.004584887530654669 319
1783250458019 0.005038429517298937 320
1783250458058 0.003891533240675926 321
1783250458096 0.005276464391499758 322
1783250458132 0.005382511764764786 323
1783250458170 0.005973478779196739 324
1783250458202 0.004102275241166353 325
1783250458238 0.005773942451924086 326
1783250458272 0.00434066541492939 327
1783250458307 0.004307396709918976 328
1783250458342 0.0048420485109090805 329
1783250458376 0.005575151648372412 330
1783250458410 0.005303794983774424 331
1783250458449 0.004904297646135092 332
1783250458483 0.00585476728156209 333
1783250458518 0.005698172841221094 334
1783250458554 0.0050748297944664955 335
1783250458589 0.005282966885715723 336
1783250458624 0.00521431490778923 337
1783250458659 0.0046526771038770676 338
1783250458695 0.004604259040206671 339
1783250458731 0.004193995147943497 340
1783250458767 0.004941699560731649 341
1783250458802 0.004450316075235605 342
1783250458837 0.004483033902943134 343
1783250458870 0.004372540861368179 344
1783250458905 0.004472091794013977 345
1783250458940 0.0055936588905751705 346
1783250458976 0.005207783542573452 347
1783250459010 0.006077700760215521 348
1783250459045 0.005270196590572596 349
1783250459081 0.0045881750993430614 350
1783250459117 0.004669806454330683 351
1783250459154 0.0063651190139353275 352
1783250459188 0.0070166573859751225 353
1783250459222 0.005436459090560675 354
1783250459256 0.005479931831359863 355
1783250459290 0.005418808665126562 356
1783250459324 0.004595152568072081 357
1783250459359 0.0046671475283801556 358
1783250459395 0.005357769783586264 359
1783250459431 0.005663631018251181 360
1783250459469 0.0053338222205638885 361
1783250459506 0.004272531718015671 362
1783250459543 0.004578256513923407 363
1783250459579 0.00618574395775795 364
1783250459617 0.0061165932565927505 365
1783250459654 0.005042762029916048 366
1783250459690 0.00480996398255229 367
1783250459726 0.005262048449367285 368
1783250459769 0.005004103761166334 369
1783250459808 0.0056070792488753796 370
1783250459845 0.004639644641429186 371
