1783208771447 2.5011954307556152 0
1783208771497 2.2645487785339355 1
1783208771535 2.4497852325439453 2
1783208771573 2.5298657417297363 3
1783208771614 2.079590082168579 4
1783208771653 2.1739957332611084 5
1783208771691 2.137146234512329 6
1783208771729 2.1545472145080566 7
1783208771767 1.8852237462997437 8
1783208771803 1.9017318487167358 9
1783208771837 1.9445396661758423 10
1783208771871 1.7753688097000122 11
1783208771906 1.8666274547576904 12
1783208771940 1.7683024406433105 13
1783208771974 1.5671147108078003 14
1783208772011 1.5745670795440674 15
1783208772045 1.5649187564849854 16
1783208772080 1.5815634727478027 17
1783208772117 1.3814630508422852 18
1783208772151 1.8131924867630005 19
1783208772186 1.5728685855865479 20
1783208772221 1.5981459617614746 21
1783208772260 1.432389497756958 22
1783208772296 1.5991981029510498 23
1783208772331 1.2840402126312256 24
1783208772367 1.4171299934387207 25
1783208772401 1.4147059917449951 26
1783208772436 1.2988849878311157 27
1783208772471 1.3101595640182495 28
1783208772507 1.4505482912063599 29
1783208772542 1.1169347763061523 30
1783208772578 1.291247844696045 31
1783208772614 1.2210285663604736 32
1783208772650 1.1046158075332642 33
1783208772685 1.278320550918579 34
1783208772720 1.086668610572815 35
1783208772756 1.144599199295044 36
1783208772792 1.0298765897750854 37
1783208772828 0.9557521343231201 38
1783208772863 0.9655628800392151 39
1783208772898 1.0743460655212402 40
1783208772932 1.1264487504959106 41
1783208772966 0.8884161114692688 42
1783208773000 1.1800849437713623 43
1783208773037 0.8952810168266296 44
1783208773071 0.870813250541687 45
1783208773106 0.8325984477996826 46
1783208773142 0.8305922746658325 47
1783208773179 0.8796243071556091 48
1783208773215 1.0864657163619995 49
1783208773250 0.7616877555847168 50
1783208773287 0.8828952312469482 51
1783208773323 0.9099393486976624 52
1783208773358 0.8640229105949402 53
1783208773392 0.8025577664375305 54
1783208773426 0.7964848279953003 55
1783208773461 0.73293536901474 56
1783208773499 0.8219316005706787 57
1783208773535 0.8207553625106812 58
1783208773572 0.8588280081748962 59
1783208773608 0.7025895714759827 60
1783208773643 0.7754018306732178 61
1783208773679 0.8324308395385742 62
1783208773713 1.0494098663330078 63
1783208773749 0.8634094595909119 64
1783208773784 0.8515409231185913 65
1783208773820 0.787433385848999 66
1783208773855 1.2004971504211426 67
1783208773891 0.7277072072029114 68
1783208773928 0.8045281767845154 69
1783208773965 0.686477780342102 70
1783208774001 0.6803339123725891 71
1783208774036 0.9616909623146057 72
1783208774071 0.7458211779594421 73
1783208774107 0.7357475161552429 74
1783208774143 0.5749263763427734 75
1783208774178 0.7295873165130615 76
1783208774213 0.5779934525489807 77
1783208774247 0.7255532741546631 78
1783208774282 0.6600736975669861 79
1783208774317 0.7151263952255249 80
1783208774352 0.8764535188674927 81
1783208774389 0.7990903258323669 82
1783208774425 0.8897024393081665 83
1783208774462 0.7374060153961182 84
1783208774497 0.5873631834983826 85
1783208774532 0.6824058294296265 86
1783208774567 0.6921674609184265 87
1783208774603 0.7887163758277893 88
1783208774638 0.8519222140312195 89
1783208774673 0.8594150543212891 90
1783208774708 0.8038379549980164 91
1783208774744 0.7061920166015625 92
1783208774779 0.9706407785415649 93
1783208774811 0.5586336255073547 94
1783208774845 0.9317224025726318 95
1783208774881 0.8216086030006409 96
1783208774915 0.6103716492652893 97
1783208774949 0.5141140818595886 98
1783208774985 0.8638069033622742 99
1783208775019 0.7787641286849976 100
1783208775054 0.7609184384346008 101
1783208775089 0.7078315019607544 102
1783208775125 0.42118406295776367 103
1783208775161 0.7010793089866638 104
1783208775196 0.5787509679794312 105
1783208775231 0.6374987363815308 106
1783208775266 0.8020060658454895 107
1783208775301 0.6286231875419617 108
1783208775336 0.7280794978141785 109
1783208775371 0.3992290794849396 110
1783208775407 0.6043406128883362 111
1783208775442 0.569372296333313 112
1783208775478 0.5461987853050232 113
1783208775514 0.5672323703765869 114
1783208775549 0.5182397961616516 115
1783208775584 0.9728547930717468 116
1783208775621 0.5482649803161621 117
1783208775656 0.6268137693405151 118
1783208775692 0.7321685552597046 119
1783208775727 0.7187329530715942 120
1783208775763 0.6216615438461304 121
1783208775798 0.8493401408195496 122
1783208775833 0.6298100352287292 123
1783208775869 0.7374878525733948 124
1783208775905 0.543612003326416 125
1783208775941 0.4658057987689972 126
1783208775977 0.4917376935482025 127
1783208776012 0.8072364926338196 128
1783208776048 0.6438682675361633 129
1783208776083 0.4991520345211029 130
1783208776119 0.7142329812049866 131
1783208776154 0.32843586802482605 132
1783208776189 0.501863956451416 133
1783208776225 0.7865728139877319 134
1783208776260 0.6347550749778748 135
1783208776296 0.44741541147232056 136
1783208776330 0.47942057251930237 137
1783208776367 0.3784886598587036 138
1783208776401 0.27070316672325134 139
1783208776435 0.3059370815753937 140
1783208776469 0.6527172327041626 141
1783208776503 0.5837742686271667 142
1783208776536 0.5527054071426392 143
1783208776571 0.5152249336242676 144
1783208776604 0.6283446550369263 145
1783208776639 0.6534876823425293 146
1783208776673 0.5264734029769897 147
1783208776708 0.5125548243522644 148
1783208776741 0.7672132849693298 149
1783208776775 0.8099834322929382 150
1783208776808 0.5527803897857666 151
1783208776842 0.490048885345459 152
1783208776876 0.4614730477333069 153
1783208776912 0.4363897144794464 154
1783208776947 0.5891124606132507 155
1783208776983 0.7289415001869202 156
1783208777016 0.7763078212738037 157
1783208777052 0.5826439261436462 158
1783208777089 0.6161777377128601 159
1783208777127 0.5655075311660767 160
1783208777165 0.523298442363739 161
1783208777200 0.7301547527313232 162
1783208777237 0.45526981353759766 163
1783208777275 0.5735188722610474 164
1783208777310 0.5593898892402649 165
1783208777346 0.6343713998794556 166
1783208777382 0.5849384069442749 167
1783208777418 0.5061025023460388 168
1783208777453 0.8373199105262756 169
1783208777491 0.6287187337875366 170
1783208777527 0.3635566532611847 171
1783208777562 0.5759084820747375 172
1783208777597 0.391107439994812 173
1783208777632 0.5766654014587402 174
1783208777667 0.554836630821228 175
1783208777701 0.36262714862823486 176
1783208777735 0.44661736488342285 177
1783208777770 0.4351310431957245 178
1783208777806 0.868904173374176 179
1783208777840 0.6198080778121948 180
1783208777875 0.5948135256767273 181
1783208777911 0.5393983125686646 182
1783208777947 0.652651846408844 183
1783208777983 0.37708938121795654 184
1783208778019 0.7499085068702698 185
1783208778055 0.45900267362594604 186
1783208778091 0.28569522500038147 187
1783208778126 0.4229225814342499 188
1783208778162 0.3089243769645691 189
1783208778197 0.6929343938827515 190
1783208778233 0.6527180671691895 191
1783208778268 0.6744070649147034 192
1783208778304 0.46887990832328796 193
1783208778340 0.41410309076309204 194
1783208778375 0.5532380938529968 195
1783208778412 0.6036259531974792 196
1783208778447 0.3173750638961792 197
1783208778482 0.3631836175918579 198
1783208778518 0.2996850907802582 199
1783208778554 0.39143937826156616 200
1783208778590 0.5181686282157898 201
1783208778625 0.40623605251312256 202
1783208778662 0.3346668779850006 203
1783208778698 0.5591573119163513 204
1783208778734 0.5863189697265625 205
1783208778769 0.5768668055534363 206
1783208778804 0.6496192216873169 207
1783208778839 0.42684078216552734 208
1783208778874 0.47350871562957764 209
1783208778909 0.6083596348762512 210
1783208778944 0.7631385922431946 211
1783208778978 0.2986185848712921 212
1783208779012 0.3542018532752991 213
1783208779048 0.5281998515129089 214
1783208779088 0.447072833776474 215
1783208779122 0.6740854382514954 216
1783208779157 0.6888367533683777 217
1783208779194 0.37922924757003784 218
1783208779229 0.44736847281455994 219
1783208779264 0.5467093586921692 220
1783208779301 0.39914119243621826 221
1783208779339 0.38493525981903076 222
1783208779376 0.44656673073768616 223
1783208779415 0.5101064443588257 224
1783208779452 0.3252900242805481 225
1783208779496 0.3480113446712494 226
1783208779535 0.37133219838142395 227
1783208779572 0.5412220358848572 228
1783208779607 0.48364120721817017 229
1783208779644 0.5171698927879333 230
1783208779684 0.43915632367134094 231
1783208779722 0.3052467405796051 232
1783208779760 0.244399756193161 233
1783208779800 0.5226640701293945 234
1783208779838 0.5221598744392395 235
1783208779875 0.6337956190109253 236
1783208779911 0.3803965747356415 237
1783208779948 0.5406420230865479 238
1783208779985 0.6949345469474792 239
1783208780021 0.5475764274597168 240
1783208780057 0.62803715467453 241
1783208780099 0.6553443074226379 242
1783208780137 0.7278735637664795 243
1783208780175 0.23009885847568512 244
1783208780211 0.3200184106826782 245
1783208780248 0.2907559275627136 246
1783208780285 0.44634467363357544 247
1783208780322 0.5533526539802551 248
1783208780358 0.3155520260334015 249
1783208780394 0.3894299566745758 250
1783208780428 0.47961992025375366 251
1783208780466 0.5161600708961487 252
1783208780501 0.5713230967521667 253
1783208780538 0.3723825216293335 254
1783208780576 0.5540376305580139 255
1783208780612 0.6826038360595703 256
1783208780649 0.40833988785743713 257
1783208780684 0.42524397373199463 258
1783208780720 0.5575074553489685 259
1783208780756 0.44816258549690247 260
1783208780793 0.5508664846420288 261
1783208780832 0.553068220615387 262
1783208780871 0.32871368527412415 263
1783208780910 0.5399733185768127 264
1783208780948 0.4076269865036011 265
1783208780985 0.37582865357398987 266
1783208781023 0.41793352365493774 267
1783208781061 0.5540063977241516 268
1783208781100 0.45431387424468994 269
1783208781138 0.526355504989624 270
1783208781179 0.6943306922912598 271
1783208781218 0.30664053559303284 272
1783208781258 0.506971538066864 273
1783208781295 0.5155724883079529 274
1783208781330 0.6045663356781006 275
1783208781365 0.4512127637863159 276
1783208781400 0.47900673747062683 277
1783208781437 0.4179011583328247 278
1783208781478 0.6480655074119568 279
1783208781515 0.46054965257644653 280
1783208781552 0.40437254309654236 281
1783208781587 0.24223896861076355 282
1783208781621 0.5640665292739868 283
1783208781655 0.4532707929611206 284
1783208781690 0.3234248757362366 285
1783208781725 0.4480840563774109 286
1783208781761 0.45883822441101074 287
1783208781800 0.5448079109191895 288
1783208781836 0.31116533279418945 289
1783208781873 0.32623547315597534 290
1783208781911 0.20923849940299988 291
1783208781948 0.5188825130462646 292
1783208781984 0.6681883335113525 293
1783208782020 0.3064638674259186 294
1783208782057 0.4846881926059723 295
1783208782095 0.44144362211227417 296
1783208782132 0.5549710988998413 297
1783208782169 0.3416576385498047 298
1783208782207 0.3831442892551422 299
1783208782244 0.40580758452415466 300
1783208782283 0.31618961691856384 301
1783208782320 0.5504859089851379 302
1783208782357 0.6015710830688477 303
1783208782395 0.6115908026695251 304
1783208782432 0.3383866846561432 305
1783208782469 0.7143709659576416 306
1783208782506 0.4508318305015564 307
1783208782542 0.6122162938117981 308
1783208782576 0.3171144127845764 309
1783208782613 0.2794426381587982 310
1783208782649 0.3270875811576843 311
1783208782687 0.5291118025779724 312
1783208782725 0.4325738549232483 313
1783208782761 0.33423054218292236 314
1783208782800 0.5498456358909607 315
1783208782836 0.3796737790107727 316
1783208782873 0.6059700846672058 317
1783208782911 0.2087128460407257 318
1783208782948 0.2832983136177063 319
1783208782984 0.3601836562156677 320
1783208783021 0.34440159797668457 321
1783208783058 0.39392226934432983 322
1783208783096 0.43904393911361694 323
1783208783133 0.4183281660079956 324
1783208783168 0.348714143037796 325
1783208783206 0.3606587052345276 326
1783208783244 0.6163646578788757 327
1783208783283 0.36524128913879395 328
1783208783320 0.5255866646766663 329
1783208783356 0.48854953050613403 330
1783208783394 0.48569947481155396 331
1783208783432 0.18912968039512634 332
1783208783471 0.3581475019454956 333
1783208783509 0.23141565918922424 334
1783208783548 0.46280261874198914 335
1783208783585 0.6095245480537415 336
1783208783624 0.4312433898448944 337
1783208783661 0.3535620868206024 338
1783208783698 0.3316551148891449 339
1783208783735 0.29564639925956726 340
1783208783772 0.43537235260009766 341
1783208783809 0.4802459478378296 342
1783208783847 0.21652066707611084 343
1783208783885 0.2820183336734772 344
1783208783923 0.4591084122657776 345
1783208783961 0.5579472780227661 346
1783208783998 0.264542818069458 347
1783208784034 0.47090354561805725 348
1783208784071 0.4964766800403595 349
1783208784107 0.5591177940368652 350
1783208784144 0.717994213104248 351
1783208784181 0.45032617449760437 352
1783208784218 0.36968186497688293 353
1783208784256 0.5070726871490479 354
1783208784293 0.4716242551803589 355
1783208784331 0.4536590278148651 356
1783208784370 0.2969525456428528 357
1783208784408 0.3261842429637909 358
1783208784446 0.4227655231952667 359
1783208784482 0.3670918345451355 360
1783208784518 0.4905282258987427 361
1783208784554 0.48555001616477966 362
1783208784592 0.36792027950286865 363
1783208784628 0.3176589906215668 364
1783208784666 0.3036843538284302 365
1783208784704 0.2961352467536926 366
1783208784742 0.2652917504310608 367
1783208784779 0.27511802315711975 368
1783208784817 0.4791225790977478 369
1783208784855 0.21161073446273804 370
1783208784893 0.6628438830375671 371
1783208784931 0.24207068979740143 372
1783208784969 0.3290964365005493 373
1783208785007 0.7573689818382263 374
1783208785045 0.334580659866333 375
1783208785083 0.42926788330078125 376
1783208785121 0.6329855918884277 377
1783208785159 0.418254017829895 378
1783208785196 0.22029797732830048 379
1783208785235 0.597919762134552 380
1783208785273 0.20171301066875458 381
1783208785310 0.5241371393203735 382
1783208785347 0.6878602504730225 383
1783208785384 0.43734824657440186 384
1783208785421 0.41455376148223877 385
1783208785457 0.3442690670490265 386
1783208785493 0.7953775525093079 387
1783208785530 0.396663635969162 388
1783208785565 0.4753815233707428 389
1783208785602 0.38541460037231445 390
1783208785640 0.6710342168807983 391
1783208785678 0.3220093846321106 392
1783208785715 0.4507601261138916 393
1783208785752 0.7457079887390137 394
1783208785789 0.48183390498161316 395
1783208785826 0.22622326016426086 396
1783208785863 0.3043326139450073 397
1783208785901 0.350507915019989 398
1783208785939 0.28052380681037903 399
1783208785976 0.2628178000450134 400
1783208786013 0.18471698462963104 401
1783208786050 0.2581580877304077 402
1783208786084 0.2924612760543823 403
1783208786121 0.3867952227592468 404
1783208786157 0.2989742159843445 405
1783208786193 0.37881579995155334 406
1783208786230 0.9184142351150513 407
1783208786266 0.3551693558692932 408
1783208786304 0.3891444802284241 409
1783208786340 0.33696869015693665 410
1783208786378 0.7936655879020691 411
1783208786415 0.7056512236595154 412
1783208786453 0.3950788676738739 413
1783208786490 0.2694944143295288 414
1783208786525 0.264687180519104 415
1783208786562 0.431885689496994 416
1783208786598 0.5276424884796143 417
1783208786633 0.36988434195518494 418
1783208786670 0.46862852573394775 419
1783208786707 0.28850385546684265 420
1783208786745 0.25642088055610657 421
1783208786784 0.5729603171348572 422
1783208786821 0.5989409685134888 423
1783208786859 1.0063490867614746 424
1783208786896 0.41008493304252625 425
1783208786933 0.18586520850658417 426
1783208786969 0.520943820476532 427
1783208787006 0.34490829706192017 428
1783208787043 0.44998663663864136 429
1783208787079 0.3756289482116699 430
1783208787115 0.4344339668750763 431
1783208787152 0.508860170841217 432
1783208787189 0.41275468468666077 433
1783208787226 0.35661792755126953 434
1783208787264 0.3597947955131531 435
1783208787302 0.557702898979187 436
1783208787340 0.5316370725631714 437
1783208787376 0.48427924513816833 438
1783208787413 0.5580521821975708 439
1783208787450 0.7384834885597229 440
1783208787485 0.2393568605184555 441
1783208787522 0.42468905448913574 442
1783208787557 0.2877846956253052 443
1783208787594 0.3886317312717438 444
1783208787629 0.3085552155971527 445
1783208787668 0.47025066614151 446
1783208787706 0.2794860899448395 447
1783208787744 0.40852972865104675 448
1783208787781 0.36033982038497925 449
1783208787822 0.3900305926799774 450
1783208787862 0.3369578719139099 451
1783208787901 0.4423276484012604 452
1783208787939 0.37831413745880127 453
1783208787975 0.46854498982429504 454
1783208788013 0.2564848065376282 455
1783208788049 0.2575277090072632 456
1783208788085 0.4083588719367981 457
1783208788122 0.5272900462150574 458
1783208788159 0.24808524549007416 459
1783208788196 0.36242225766181946 460
1783208788233 0.35376057028770447 461
1783208788271 0.5649549961090088 462
1783208788309 0.2000862956047058 463
1783208788345 0.3830230236053467 464
1783208788383 0.4990684390068054 465
1783208788418 0.493161678314209 466
1783208788453 0.2255801260471344 467
1783208788489 0.5332671999931335 468
1783208788523 0.5662837028503418 469
1783208788556 0.5991086959838867 470
1783208788592 0.5499690771102905 471
1783208788627 0.5539852380752563 472
1783208788663 0.5751752257347107 473
1783208788699 0.43189698457717896 474
1783208788733 0.44514769315719604 475
1783208788769 0.44260385632514954 476
1783208788803 0.6144146919250488 477
1783208788838 0.3960319757461548 478
1783208788872 0.4295702576637268 479
1783208788907 0.21516384184360504 480
1783208788942 0.49063512682914734 481
1783208788978 0.338082879781723 482
1783208789016 0.6614575982093811 483
1783208789052 0.6821234226226807 484
1783208789092 0.5145784020423889 485
1783208789127 0.4227726459503174 486
1783208789163 0.4449150264263153 487
1783208789199 0.30792438983917236 488
1783208789234 0.27303770184516907 489
1783208789270 0.26002538204193115 490
1783208789306 0.3908579349517822 491
1783208789342 0.30912819504737854 492
1783208789379 0.28167447447776794 493
1783208789415 0.4663064777851105 494
1783208789451 0.3854595124721527 495
1783208789487 0.3542349338531494 496
1783208789522 0.40879756212234497 497
1783208789559 0.5106161832809448 498
1783208789594 0.24924124777317047 499
1783208789629 0.3084351718425751 500
1783208789664 0.35630255937576294 501
1783208789701 0.38649505376815796 502
1783208789737 0.5503736138343811 503
1783208789772 0.1599629521369934 504
1783208789809 0.2509167790412903 505
1783208789844 0.3816714882850647 506
1783208789880 0.342576265335083 507
1783208789917 0.393518328666687 508
1783208789953 0.20419460535049438 509
1783208789988 0.5045589208602905 510
1783208790024 0.24017706513404846 511
1783208790059 0.35438162088394165 512
1783208790094 0.41911789774894714 513
1783208790131 0.2303350567817688 514
1783208790170 0.2987397611141205 515
1783208790211 0.37905606627464294 516
1783208790248 0.3884197473526001 517
1783208790288 0.2883935868740082 518
1783208790323 0.7913185954093933 519
1783208790361 0.3297167718410492 520
1783208790398 0.46085426211357117 521
1783208790433 0.4668973386287689 522
1783208790470 0.3667484521865845 523
1783208790508 0.46175792813301086 524
1783208790547 0.5364583134651184 525
1783208790587 0.49156129360198975 526
1783208790624 0.20064158737659454 527
1783208790660 0.3297743499279022 528
1783208790699 0.37311744689941406 529
1783208790736 0.6476957201957703 530
1783208790772 0.5108744502067566 531
1783208790809 0.5856631994247437 532
1783208790845 0.2284863144159317 533
1783208790887 0.4462539553642273 534
1783208790925 0.575093686580658 535
1783208790963 0.18817880749702454 536
1783208790999 0.1300515979528427 537
1783208791035 0.6324615478515625 538
1783208791072 0.30069655179977417 539
1783208791108 0.5661693215370178 540
1783208791144 0.5073795914649963 541
1783208791181 0.169943168759346 542
1783208791217 0.4229678809642792 543
1783208791254 0.45953917503356934 544
1783208791289 0.3798542618751526 545
1783208791325 0.5120325088500977 546
1783208791361 0.45384982228279114 547
1783208791398 0.26684144139289856 548
1783208791434 0.6589393615722656 549
1783208791467 0.2642627954483032 550
1783208791503 0.39095741510391235 551
1783208791540 0.5329558849334717 552
1783208791578 0.45465266704559326 553
1783208791613 0.3498055934906006 554
1783208791651 0.28508391976356506 555
1783208791686 0.32505738735198975 556
1783208791720 0.15332627296447754 557
1783208791757 0.4493114948272705 558
1783208791793 0.40820667147636414 559
1783208791830 0.15858305990695953 560
1783208791866 0.5237785577774048 561
1783208791900 0.30773210525512695 562
1783208791937 0.4570072293281555 563
1783208791973 0.4347517192363739 564
1783208792011 0.3228452801704407 565
1783208792049 0.273110955953598 566
1783208792085 0.41104674339294434 567
1783208792123 0.26014411449432373 568
1783208792159 0.4523000121116638 569
1783208792195 0.2757200300693512 570
1783208792232 0.3515757620334625 571
1783208792268 0.26574909687042236 572
1783208792305 0.5076543688774109 573
1783208792341 0.4335048198699951 574
1783208792378 0.3242611289024353 575
1783208792414 0.4743427336215973 576
1783208792450 0.32911616563796997 577
1783208792483 0.2427631914615631 578
1783208792521 0.5172334313392639 579
1783208792559 0.543192982673645 580
1783208792595 0.17044056951999664 581
1783208792632 0.4606857895851135 582
1783208792667 0.28608784079551697 583
1783208792704 0.25464680790901184 584
1783208792741 0.28601157665252686 585
1783208792776 0.6226144433021545 586
1783208792812 0.31929823756217957 587
1783208792850 0.6830991506576538 588
1783208792888 0.449679434299469 589
1783208792926 0.23198439180850983 590
1783208792962 0.3352891504764557 591
1783208792998 0.49567434191703796 592
1783208793034 0.8148680925369263 593
1783208793070 0.5549058318138123 594
1783208793105 0.23588599264621735 595
1783208793142 0.3741624057292938 596
1783208793178 0.25168904662132263 597
1783208793213 0.3620277941226959 598
1783208793250 0.49586865305900574 599
1783208793286 0.20471274852752686 600
1783208793324 0.41181236505508423 601
1783208793362 0.41206616163253784 602
1783208793398 0.29346489906311035 603
1783208793435 0.4202098250389099 604
1783208793472 0.40408748388290405 605
1783208793507 0.644900918006897 606
1783208793542 0.2372102439403534 607
1783208793576 0.21778661012649536 608
1783208793610 0.7135427594184875 609
1783208793644 1.4074492454528809 610
1783208793678 0.30503055453300476 611
1783208793715 0.2992635667324066 612
1783208793749 0.6216309070587158 613
1783208793784 0.226248636841774 614
1783208793818 0.4288301467895508 615
1783208793853 0.22065187990665436 616
1783208793889 0.424717515707016 617
1783208793924 0.1800394356250763 618
1783208793958 0.11850567907094955 619
1783208793993 0.3539261519908905 620
1783208794028 0.3305101692676544 621
1783208794062 0.5479965209960938 622
1783208794096 0.6672253012657166 623
1783208794130 0.16796830296516418 624
1783208794164 0.23594807088375092 625
1783208794199 0.13201645016670227 626
1783208794233 0.4735879898071289 627
1783208794266 0.5536633133888245 628
1783208794300 0.5607362985610962 629
1783208794335 0.2431974858045578 630
1783208794369 0.5356823205947876 631
1783208794405 0.2791358232498169 632
1783208794441 0.5628399848937988 633
1783208794474 0.16347281634807587 634
1783208794508 0.17489424347877502 635
1783208794542 0.6865098476409912 636
1783208794577 0.5242751836776733 637
1783208794614 0.34627512097358704 638
1783208794648 0.1139415055513382 639
1783208794684 0.19953884184360504 640
1783208794720 0.3992011249065399 641
1783208794754 0.4271239936351776 642
1783208794789 0.38852372765541077 643
1783208794825 0.7151453495025635 644
1783208794860 0.4905215799808502 645
1783208794896 0.4519841969013214 646
1783208794932 0.612061083316803 647
1783208794969 0.35260722041130066 648
1783208795007 0.6235267519950867 649
1783208795043 0.18278785049915314 650
1783208795080 0.6372102499008179 651
1783208795119 0.2400219440460205 652
1783208795155 0.28039583563804626 653
1783208795191 0.4991752505302429 654
1783208795222 0.25726139545440674 655
1783208795254 0.4216093122959137 656
1783208795292 0.40184593200683594 657
1783208795328 0.27786028385162354 658
1783208795363 0.2842925190925598 659
1783208795399 0.4862842261791229 660
1783208795436 0.35018035769462585 661
1783208795473 0.38427644968032837 662
1783208795506 0.3708208501338959 663
1783208795543 0.28806719183921814 664
1783208795580 0.4441151022911072 665
1783208795617 0.702499508857727 666
1783208795653 0.32798007130622864 667
1783208795687 0.2903156578540802 668
1783208795723 0.5268574953079224 669
1783208795759 0.35054904222488403 670
1783208795796 0.5595377087593079 671
1783208795833 0.4533292353153229 672
1783208795868 0.24617451429367065 673
1783208795905 0.3533221483230591 674
1783208795940 0.21521256864070892 675
1783208795976 0.5798957347869873 676
1783208796012 0.5688410997390747 677
1783208796048 0.33587244153022766 678
1783208796083 0.4294508993625641 679
1783208796119 0.43871742486953735 680
1783208796155 0.3184714913368225 681
1783208796190 0.20948266983032227 682
1783208796225 0.30824604630470276 683
1783208796261 0.29636991024017334 684
1783208796297 0.4368058145046234 685
1783208796332 0.3779027462005615 686
1783208796368 0.21464528143405914 687
1783208796404 0.43694230914115906 688
1783208796439 0.2797548770904541 689
1783208796475 0.5126624703407288 690
1783208796511 0.5044828057289124 691
1783208796548 0.5442700386047363 692
1783208796584 0.5290309190750122 693
1783208796620 0.26067137718200684 694
1783208796655 0.5457274317741394 695
1783208796691 0.5312986373901367 696
1783208796726 0.32572421431541443 697
1783208796763 0.177981898188591 698
1783208796800 0.30444788932800293 699
1783208796836 0.23929309844970703 700
1783208796872 0.2925921380519867 701
1783208796908 0.7170979976654053 702
1783208796944 0.3656320869922638 703
1783208796978 0.3094438910484314 704
1783208797015 0.25179269909858704 705
1783208797052 0.2471822053194046 706
1783208797089 0.4019086956977844 707
1783208797124 0.3049876391887665 708
1783208797160 0.19799044728279114 709
1783208797196 0.2581045627593994 710
1783208797233 0.29194027185440063 711
1783208797270 0.18724173307418823 712
1783208797306 0.48611652851104736 713
1783208797342 0.4543050229549408 714
1783208797378 0.2800699472427368 715
1783208797414 0.4821370244026184 716
1783208797450 0.3843613266944885 717
1783208797486 0.16605108976364136 718
1783208797522 0.2996356785297394 719
1783208797558 0.24031871557235718 720
1783208797593 0.4358850419521332 721
1783208797628 0.6354560256004333 722
1783208797663 0.5784767270088196 723
1783208797698 0.4413329064846039 724
1783208797732 0.48379409313201904 725
1783208797766 0.397550106048584 726
1783208797800 0.6761313676834106 727
1783208797834 0.41869568824768066 728
1783208797869 0.3290424346923828 729
1783208797904 0.38583996891975403 730
1783208797939 0.2838653326034546 731
1783208797974 0.5515233874320984 732
1783208798014 0.7162214517593384 733
1783208798051 0.2554149627685547 734
1783208798087 0.20689113438129425 735
1783208798122 0.5400115251541138 736
1783208798157 0.17672625184059143 737
1783208798192 0.1346125453710556 738
1783208798227 0.5165494680404663 739
1783208798262 0.6222094893455505 740
1783208798300 0.7809823155403137 741
1783208798337 0.3666054308414459 742
1783208798376 0.49151766300201416 743
1783208798414 0.5033671259880066 744
1783208798453 0.31835371255874634 745
1783208798488 0.533749520778656 746
1783208798525 0.3863600194454193 747
1783208798559 0.131116583943367 748
1783208798597 0.21575956046581268 749
1783208798632 0.49001383781433105 750
1783208798667 0.46695855259895325 751
1783208798706 0.30787867307662964 752
1783208798744 0.4395084083080292 753
1783208798781 0.5055342316627502 754
1783208798820 0.5278164744377136 755
1783208798860 0.19884668290615082 756
1783208798900 0.32013311982154846 757
1783208798941 0.2466328889131546 758
1783208798977 0.31876999139785767 759
1783208799011 0.3752932548522949 760
1783208799049 0.23462994396686554 761
1783208799089 0.4595867991447449 762
1783208799126 0.255797415971756 763
1783208799163 0.19139046967029572 764
1783208799200 0.3464277684688568 765
1783208799237 0.23160670697689056 766
1783208799271 0.34422290325164795 767
1783208799309 0.3958318829536438 768
1783208799346 0.5893362164497375 769
1783208799384 0.19832105934619904 770
1783208799423 0.4898340404033661 771
1783208799459 0.31572818756103516 772
1783208799497 0.5165560245513916 773
1783208799535 0.1599123179912567 774
1783208799573 0.3825310170650482 775
1783208799611 0.1704230159521103 776
1783208799649 0.8139825463294983 777
1783208799686 0.4618758261203766 778
1783208799724 0.3797275722026825 779
1783208799763 0.3027535080909729 780
1783208799799 0.22133570909500122 781
1783208799836 0.3460703492164612 782
1783208799874 0.6283830404281616 783
1783208799911 0.4316791296005249 784
1783208799948 0.46445900201797485 785
1783208799985 0.5035597085952759 786
1783208800024 0.3857617676258087 787
1783208800062 0.098122239112854 788
1783208800101 0.34583577513694763 789
1783208800140 0.4641227722167969 790
1783208800181 0.404732882976532 791
1783208800219 0.1494641900062561 792
1783208800255 0.44611984491348267 793
1783208800292 0.4732227027416229 794
1783208800328 0.49376431107521057 795
1783208800365 0.4062674045562744 796
1783208800402 0.25650542974472046 797
1783208800439 0.29849913716316223 798
1783208800477 0.7738137245178223 799
1783208800515 0.14242145419120789 800
1783208800553 0.29745304584503174 801
1783208800590 0.42800623178482056 802
1783208800633 0.3507407605648041 803
1783208800668 0.5220049619674683 804
1783208800705 0.8978549242019653 805
1783208800741 0.1399277150630951 806
1783208800779 0.3517957627773285 807
1783208800816 0.6375454068183899 808
1783208800853 0.25757816433906555 809
1783208800890 0.37182480096817017 810
1783208800929 0.48183977603912354 811
1783208800967 0.22533626854419708 812
1783208801005 0.265575110912323 813
1783208801043 0.38575881719589233 814
1783208801081 0.3097038269042969 815
1783208801120 0.4248063266277313 816
1783208801157 0.4542571008205414 817
1783208801200 0.6073793172836304 818
1783208801242 0.3778444826602936 819
1783208801280 0.8186049461364746 820
1783208801318 0.9201974868774414 821
1783208801354 0.3412255048751831 822
1783208801392 0.4939291179180145 823
1783208801428 0.15522412955760956 824
1783208801465 0.3541487157344818 825
1783208801501 0.21720412373542786 826
1783208801536 0.326955109834671 827
1783208801572 0.46709537506103516 828
1783208801608 0.318993479013443 829
1783208801644 0.2757440209388733 830
1783208801679 0.4145486652851105 831
1783208801714 0.3456118702888489 832
1783208801750 0.3320276439189911 833
1783208801787 0.25455307960510254 834
1783208801824 0.5526902675628662 835
1783208801865 0.28132280707359314 836
1783208801904 0.42924007773399353 837
1783208801943 0.5404321551322937 838
1783208801981 0.3442586362361908 839
1783208802016 0.17225876450538635 840
1783208802053 0.2629411518573761 841
1783208802089 0.40783634781837463 842
1783208802126 0.8080564737319946 843
1783208802163 0.28175848722457886 844
1783208802200 0.31875407695770264 845
1783208802237 0.49935808777809143 846
1783208802274 0.2555670738220215 847
1783208802311 0.2665584981441498 848
1783208802348 0.31580865383148193 849
1783208802385 0.7120023369789124 850
1783208802422 0.33344975113868713 851
1783208802461 0.29483944177627563 852
1783208802499 0.7111450433731079 853
1783208802536 0.2032938003540039 854
1783208802573 0.2294909507036209 855
1783208802609 0.2908259332180023 856
1783208802643 0.6235222220420837 857
1783208802678 0.35407382249832153 858
1783208802713 0.42778095602989197 859
1783208802747 0.3906661868095398 860
1783208802782 0.6245943307876587 861
1783208802817 0.21274469792842865 862
1783208802852 0.2260575294494629 863
1783208802886 0.5070111155509949 864
1783208802921 0.19059285521507263 865
1783208802957 0.5020383596420288 866
1783208802992 0.4627126455307007 867
1783208803027 0.5177721381187439 868
1783208803061 0.1522439420223236 869
1783208803095 0.14360740780830383 870
1783208803130 0.22297900915145874 871
1783208803169 0.07537485659122467 872
1783208803204 0.49166977405548096 873
1783208803240 0.19973412156105042 874
1783208803275 0.4091191589832306 875
1783208803311 0.6814193725585938 876
1783208803345 0.44467636942863464 877
1783208803381 0.35569000244140625 878
1783208803416 0.20782580971717834 879
1783208803452 0.2536296546459198 880
1783208803487 0.37240228056907654 881
1783208803521 0.3065778315067291 882
1783208803556 0.2991800308227539 883
1783208803594 0.5579932928085327 884
1783208803629 0.26566168665885925 885
1783208803665 0.48326385021209717 886
1783208803701 0.8116438984870911 887
1783208803735 0.32644420862197876 888
1783208803770 0.2720298171043396 889
1783208803805 0.2073061615228653 890
1783208803841 0.1588916778564453 891
1783208803876 0.4307889938354492 892
1783208803912 0.9382497072219849 893
1783208803947 0.2861412465572357 894
1783208803983 0.5194438695907593 895
1783208804018 0.392869234085083 896
1783208804053 0.270222008228302 897
1783208804087 0.31028831005096436 898
1783208804122 0.2094578742980957 899
1783208804159 0.28150901198387146 900
1783208804195 0.19735661149024963 901
1783208804230 0.5185067653656006 902
1783208804265 0.7369344830513 903
1783208804298 0.48773714900016785 904
1783208804333 0.9656086564064026 905
1783208804368 0.4358631670475006 906
1783208804404 0.42529866099357605 907
1783208804440 0.25212571024894714 908
1783208804475 0.1893981248140335 909
1783208804510 0.2596604526042938 910
1783208804545 0.6242373585700989 911
1783208804582 0.3058616518974304 912
1783208804621 0.2639901041984558 913
1783208804659 0.2853805720806122 914
1783208804696 0.5499356985092163 915
1783208804731 0.5056658387184143 916
1783208804766 0.15869192779064178 917
1783208804802 0.4082425534725189 918
1783208804837 0.35446375608444214 919
1783208804873 0.2898552417755127 920
1783208804908 0.30747169256210327 921
1783208804943 0.305907279253006 922
1783208804978 0.434623122215271 923
1783208805014 0.6310691237449646 924
1783208805051 0.7859405279159546 925
1783208805086 0.5184454917907715 926
1783208805121 0.21893860399723053 927
1783208805156 0.5952988266944885 928
1783208805192 0.36468076705932617 929
1783208805227 0.5655781626701355 930
1783208805262 0.6095638275146484 931
1783208805296 0.3886755704879761 932
1783208805331 0.56005859375 933
1783208805365 0.3150646686553955 934
1783208805399 0.3658451437950134 935
1783208805434 0.3267556130886078 936
1783208805468 0.32287895679473877 937
1783208805502 0.19540531933307648 938
1783208805538 0.3453993797302246 939
1783208805571 0.18799740076065063 940
1783208805606 0.5127608776092529 941
1783208805642 0.5236009359359741 942
1783208805676 0.24773693084716797 943
1783208805711 0.3504007160663605 944
1783208805744 0.3592717945575714 945
1783208805778 0.30482423305511475 946
1783208805813 0.5663762092590332 947
1783208805847 0.5171798467636108 948
1783208805881 0.8703814148902893 949
1783208805915 0.29294705390930176 950
1783208805951 0.13814981281757355 951
1783208805986 0.36301979422569275 952
1783208806021 0.4584214389324188 953
1783208806055 0.37872999906539917 954
1783208806089 0.25190967321395874 955
1783208806123 0.3882412016391754 956
1783208806157 0.3812658488750458 957
1783208806191 0.4017767608165741 958
1783208806225 0.3156062364578247 959
1783208806259 0.24335284531116486 960
1783208806293 0.1754181981086731 961
1783208806327 0.4101616144180298 962
1783208806363 0.6948318481445312 963
1783208806398 0.2613353133201599 964
1783208806434 0.33592233061790466 965
1783208806468 0.27782517671585083 966
1783208806504 0.1528661847114563 967
1783208806539 0.3057763874530792 968
1783208806573 0.3942846655845642 969
1783208806609 0.4977119266986847 970
1783208806644 0.42006969451904297 971
1783208806678 0.7233898043632507 972
1783208806712 0.3292301297187805 973
1783208806746 0.43141621351242065 974
1783208806781 0.49476873874664307 975
1783208806817 0.49423331022262573 976
1783208806852 0.171613872051239 977
1783208806887 0.29124611616134644 978
1783208806922 0.23249973356723785 979
1783208806956 0.22401005029678345 980
1783208806992 0.2304510921239853 981
1783208807028 0.10427195578813553 982
1783208807065 0.24261930584907532 983
1783208807100 0.31646448373794556 984
1783208807136 0.3176988959312439 985
1783208807172 0.1945411115884781 986
1783208807208 0.3967527449131012 987
1783208807244 0.23151060938835144 988
1783208807280 0.24611519277095795 989
1783208807315 0.3394162952899933 990
1783208807350 0.3132142424583435 991
1783208807385 0.30273762345314026 992
1783208807421 0.28386905789375305 993
1783208807455 0.437584787607193 994
1783208807490 0.2614237070083618 995
1783208807526 0.18425923585891724 996
1783208807561 0.24888861179351807 997
1783208807597 0.4235425293445587 998
1783208807632 0.20344820618629456 999
1783208807668 0.24984221160411835 1000
1783208807702 0.330657958984375 1001
1783208807738 0.41262805461883545 1002
1783208807774 0.35155996680259705 1003
1783208807809 0.3048495352268219 1004
1783208807843 0.16740600764751434 1005
1783208807877 0.19126027822494507 1006
1783208807911 0.5861954092979431 1007
1783208807945 0.4260939061641693 1008
1783208807980 0.5323495864868164 1009
1783208808014 0.7560501098632812 1010
1783208808049 0.42461931705474854 1011
1783208808083 0.28010374307632446 1012
1783208808117 0.14823341369628906 1013
1783208808152 0.2911671996116638 1014
1783208808187 0.3014184832572937 1015
1783208808222 0.2470223754644394 1016
1783208808262 0.35607266426086426 1017
1783208808299 0.2843547463417053 1018
1783208808333 0.19068637490272522 1019
1783208808368 0.3056596517562866 1020
1783208808403 0.4268917441368103 1021
1783208808437 0.10349094122648239 1022
1783208808473 0.43453362584114075 1023
1783208808509 0.351738303899765 1024
1783208808544 0.2589082419872284 1025
1783208808578 0.5295273661613464 1026
1783208808612 0.513766884803772 1027
1783208808647 0.48024439811706543 1028
1783208808682 0.32786741852760315 1029
1783208808717 0.38508421182632446 1030
1783208808752 0.17606869339942932 1031
1783208808787 0.14572884142398834 1032
1783208808821 0.1849663406610489 1033
1783208808856 0.6070934534072876 1034
1783208808891 0.25280898809432983 1035
1783208808927 0.2915906310081482 1036
1783208808962 0.2687373459339142 1037
1783208808997 0.4195924401283264 1038
1783208809032 0.5094655752182007 1039
1783208809069 0.2271958589553833 1040
1783208809111 0.28124555945396423 1041
1783208809148 0.5235615372657776 1042
1783208809185 0.25447168946266174 1043
1783208809223 0.33311519026756287 1044
1783208809260 0.28573235869407654 1045
1783208809295 0.35255903005599976 1046
1783208809330 0.5798397064208984 1047
1783208809364 0.8006717562675476 1048
1783208809398 0.3929491937160492 1049
1783208809433 0.5506238341331482 1050
1783208809468 0.3585057854652405 1051
1783208809503 0.1963590830564499 1052
1783208809538 0.191705584526062 1053
1783208809573 0.2431141585111618 1054
1783208809609 0.5107080936431885 1055
1783208809645 0.1520768702030182 1056
1783208809682 0.6604137420654297 1057
1783208809718 0.6212313175201416 1058
1783208809754 0.31950950622558594 1059
1783208809789 0.4377550482749939 1060
1783208809825 0.24127204716205597 1061
1783208809860 0.4139632284641266 1062
1783208809894 0.5785736441612244 1063
1783208809928 0.47281160950660706 1064
1783208809963 0.5284132957458496 1065
1783208809997 0.3508492708206177 1066
1783208810033 0.38874560594558716 1067
1783208810067 0.37832170724868774 1068
1783208810106 0.25744733214378357 1069
1783208810141 0.3005043864250183 1070
1783208810178 0.6629824638366699 1071
1783208810213 0.34286171197891235 1072
1783208810248 0.4579436480998993 1073
1783208810281 0.5548807978630066 1074
1783208810316 0.432648241519928 1075
1783208810351 0.46391451358795166 1076
1783208810386 0.22205720841884613 1077
1783208810421 0.25257861614227295 1078
1783208810456 0.3515385687351227 1079
1783208810491 0.34021973609924316 1080
1783208810526 0.19688235223293304 1081
1783208810560 0.46694883704185486 1082
1783208810595 0.10623288154602051 1083
1783208810630 0.29559001326560974 1084
1783208810665 0.25176143646240234 1085
1783208810701 0.4305732846260071 1086
1783208810735 0.2626194655895233 1087
1783208810770 0.20356231927871704 1088
1783208810808 0.7361626625061035 1089
1783208810844 0.3777486979961395 1090
1783208810879 0.2898082435131073 1091
1783208810914 0.47583648562431335 1092
1783208810950 0.39205202460289 1093
1783208810985 0.3245468735694885 1094
1783208811021 0.30397987365722656 1095
1783208811055 0.3375842869281769 1096
1783208811089 0.33698520064353943 1097
1783208811126 0.21150128543376923 1098
1783208811162 0.4380589723587036 1099
1783208811197 0.8482764959335327 1100
1783208811233 0.31158947944641113 1101
1783208811269 0.3786357045173645 1102
1783208811305 0.4844488203525543 1103
1783208811339 0.2092611938714981 1104
1783208811374 0.8031241297721863 1105
1783208811409 0.4178659915924072 1106
1783208811443 0.12538543343544006 1107
1783208811478 0.6847877502441406 1108
1783208811513 0.3451414108276367 1109
1783208811548 0.5074945688247681 1110
1783208811582 0.14125287532806396 1111
1783208811617 0.47613534331321716 1112
1783208811654 0.2752164900302887 1113
1783208811690 0.32833653688430786 1114
1783208811727 0.4383156895637512 1115
1783208811764 0.3810841143131256 1116
1783208811799 0.44720935821533203 1117
1783208811834 0.6149561405181885 1118
1783208811869 0.6789513826370239 1119
1783208811905 0.23738056421279907 1120
1783208811941 0.2356000393629074 1121
1783208811975 0.35797518491744995 1122
1783208812011 0.29127174615859985 1123
1783208812045 0.7703632712364197 1124
1783208812079 0.21955999732017517 1125
1783208812114 0.5851180553436279 1126
1783208812149 0.5083978176116943 1127
1783208812184 0.2529588043689728 1128
1783208812219 0.37032902240753174 1129
1783208812255 0.5635866522789001 1130
1783208812290 0.37839531898498535 1131
1783208812325 0.5812550187110901 1132
1783208812361 0.17968618869781494 1133
1783208812397 0.2224939465522766 1134
1783208812433 0.2726884186267853 1135
1783208812469 0.08923764526844025 1136
1783208812504 0.37801167368888855 1137
1783208812538 0.33981722593307495 1138
1783208812574 0.175245001912117 1139
1783208812609 0.2469036877155304 1140
1783208812644 0.335661381483078 1141
1783208812678 0.27646175026893616 1142
1783208812713 0.37320154905319214 1143
1783208812749 0.2022339552640915 1144
1783208812784 0.28027427196502686 1145
1783208812818 0.17258207499980927 1146
1783208812853 0.47200480103492737 1147
1783208812890 0.36518576741218567 1148
1783208812926 0.6583433747291565 1149
1783208812961 0.5481699705123901 1150
1783208812996 0.5381426811218262 1151
1783208813032 0.41643035411834717 1152
1783208813067 0.38735097646713257 1153
1783208813103 0.2970007658004761 1154
1783208813138 0.4303331971168518 1155
1783208813172 0.20931142568588257 1156
1783208813210 0.16015625 1157
1783208813248 0.4035685062408447 1158
1783208813283 0.47888505458831787 1159
1783208813319 0.15312984585762024 1160
1783208813355 0.20552517473697662 1161
1783208813390 0.21858181059360504 1162
1783208813426 0.23092128336429596 1163
1783208813462 0.22666765749454498 1164
1783208813497 0.3680110573768616 1165
1783208813533 0.528834342956543 1166
1783208813569 0.2729125916957855 1167
1783208813604 0.6071250438690186 1168
1783208813640 0.16581161320209503 1169
1783208813676 0.45263633131980896 1170
1783208813712 0.32411906123161316 1171
1783208813749 0.28823691606521606 1172
1783208813784 0.5070896744728088 1173
1783208813821 0.25662434101104736 1174
1783208813856 0.44080913066864014 1175
1783208813892 0.10530509054660797 1176
1783208813928 0.4473939538002014 1177
1783208813964 0.3224593997001648 1178
1783208813999 0.3079981505870819 1179
1783208814037 0.34238356351852417 1180
1783208814073 0.33795997500419617 1181
1783208814108 0.32707881927490234 1182
1783208814143 0.49755221605300903 1183
1783208814178 0.20454104244709015 1184
1783208814212 0.4002421796321869 1185
1783208814248 0.3178038001060486 1186
1783208814283 0.4189964830875397 1187
1783208814319 0.12302200496196747 1188
1783208814354 0.7949260473251343 1189
1783208814389 0.26113319396972656 1190
1783208814423 0.3865322172641754 1191
1783208814458 0.44966068863868713 1192
1783208814493 0.3901214301586151 1193
1783208814528 0.2318366914987564 1194
1783208814562 0.42314398288726807 1195
1783208814597 0.1853996217250824 1196
1783208814632 0.18470314145088196 1197
1783208814669 0.49710318446159363 1198
1783208814706 0.41464963555336 1199
1783208814743 0.49696654081344604 1200
1783208814780 0.30824780464172363 1201
1783208814815 0.0681590735912323 1202
1783208814851 0.3189624547958374 1203
1783208814886 0.48104327917099 1204
1783208814921 0.4309411644935608 1205
1783208814957 0.2350052446126938 1206
1783208814993 0.11398639529943466 1207
1783208815029 0.5959843993186951 1208
1783208815065 0.5078818798065186 1209
1783208815101 0.3403416872024536 1210
1783208815137 0.4945499300956726 1211
1783208815172 0.6489667892456055 1212
1783208815207 0.335552453994751 1213
1783208815242 0.41285860538482666 1214
1783208815278 0.2246984988451004 1215
1783208815313 0.17440620064735413 1216
1783208815347 0.19440454244613647 1217
1783208815383 0.2446414977312088 1218
1783208815417 0.37790000438690186 1219
1783208815451 0.16192927956581116 1220
1783208815486 0.1290324479341507 1221
1783208815521 0.5843960046768188 1222
1783208815558 0.37648284435272217 1223
1783208815599 0.21784701943397522 1224
1783208815637 0.13842342793941498 1225
1783208815673 0.20963528752326965 1226
1783208815709 0.4541899859905243 1227
1783208815745 0.15420064330101013 1228
1783208815780 0.5433768033981323 1229
1783208815816 0.28086817264556885 1230
1783208815850 0.280033677816391 1231
1783208815885 0.2605423927307129 1232
1783208815920 0.3174751400947571 1233
1783208815954 0.3409007489681244 1234
1783208815988 0.33108383417129517 1235
1783208816023 0.4331759214401245 1236
1783208816058 0.4710618555545807 1237
1783208816093 0.30742383003234863 1238
1783208816127 0.42738839983940125 1239
1783208816161 0.5494785308837891 1240
1783208816195 0.6377269625663757 1241
1783208816230 0.7914793491363525 1242
1783208816265 0.23167455196380615 1243
1783208816301 0.6460573673248291 1244
1783208816336 0.2089017629623413 1245
1783208816372 0.37009626626968384 1246
1783208816407 0.32753026485443115 1247
1783208816444 0.3565578758716583 1248
1783208816479 0.4146677851676941 1249
1783208816514 0.23605386912822723 1250
1783208816549 0.38484591245651245 1251
1783208816585 0.32574787735939026 1252
1783208816620 0.2599741816520691 1253
1783208816656 0.4550093710422516 1254
1783208816690 0.26812493801116943 1255
1783208816724 0.38105154037475586 1256
1783208816760 0.1884036809206009 1257
1783208816794 0.29257553815841675 1258
1783208816830 0.35748955607414246 1259
1783208816866 0.22254544496536255 1260
1783208816901 0.4442920684814453 1261
1783208816938 0.14861005544662476 1262
1783208816973 0.28312525153160095 1263
1783208817006 0.27106600999832153 1264
1783208817041 0.2421954870223999 1265
1783208817076 0.18958647549152374 1266
1783208817111 0.5412240624427795 1267
1783208817147 0.25084298849105835 1268
1783208817182 0.5737094879150391 1269
1783208817218 0.3251592516899109 1270
1783208817253 0.1893957555294037 1271
1783208817289 0.3742522895336151 1272
1783208817324 0.4153635501861572 1273
1783208817358 0.4130064845085144 1274
1783208817394 0.2446574866771698 1275
1783208817429 0.18595795333385468 1276
1783208817464 0.6369830369949341 1277
1783208817499 0.3072271943092346 1278
1783208817534 0.2529117166996002 1279
1783208817569 0.20127081871032715 1280
1783208817603 0.27208948135375977 1281
1783208817638 0.20659753680229187 1282
1783208817672 0.829108476638794 1283
1783208817707 0.49924400448799133 1284
1783208817742 0.737609326839447 1285
1783208817776 0.2655147314071655 1286
1783208817811 0.37733718752861023 1287
1783208817845 0.3219728469848633 1288
1783208817880 0.42764177918434143 1289
1783208817915 0.22955158352851868 1290
1783208817950 0.44822853803634644 1291
1783208817985 0.11729073524475098 1292
1783208818020 0.13606499135494232 1293
1783208818056 0.3692663013935089 1294
1783208818089 0.22706714272499084 1295
1783208818124 0.54710853099823 1296
1783208818158 0.3677848279476166 1297
1783208818193 0.15263821184635162 1298
1783208818229 0.3641687333583832 1299
1783208818264 0.23249852657318115 1300
1783208818299 0.4625910222530365 1301
1783208818335 0.1863667070865631 1302
1783208818370 0.4731963276863098 1303
1783208818405 0.26097652316093445 1304
1783208818441 0.4147152900695801 1305
1783208818476 0.1936579942703247 1306
1783208818512 0.1522802710533142 1307
1783208818547 0.492546409368515 1308
1783208818583 0.43780091404914856 1309
1783208818622 0.3718752861022949 1310
1783208818658 0.44637051224708557 1311
1783208818694 0.3727917969226837 1312
1783208818728 0.4324197769165039 1313
1783208818762 0.3452034294605255 1314
1783208818797 0.16943806409835815 1315
1783208818832 0.390464723110199 1316
1783208818867 0.2994595468044281 1317
1783208818903 0.13592538237571716 1318
1783208818938 0.2773929536342621 1319
1783208818973 0.5262569189071655 1320
1783208819008 0.17738159000873566 1321
1783208819044 0.33388373255729675 1322
1783208819081 0.45811423659324646 1323
1783208819121 0.14850080013275146 1324
1783208819155 0.3115420937538147 1325
1783208819190 0.5702319741249084 1326
1783208819225 0.25915420055389404 1327
1783208819260 0.17746512591838837 1328
1783208819295 0.4454582929611206 1329
1783208819330 0.42304322123527527 1330
1783208819365 0.3253009617328644 1331
1783208819400 0.2689485549926758 1332
1783208819434 0.4042361080646515 1333
1783208819469 0.5354381203651428 1334
1783208819503 0.29881972074508667 1335
1783208819538 0.4731612503528595 1336
1783208819572 0.34298714995384216 1337
1783208819606 0.25801798701286316 1338
1783208819640 0.5123826861381531 1339
1783208819675 0.26065874099731445 1340
1783208819709 0.3707982003688812 1341
1783208819743 0.13347561657428741 1342
1783208819777 0.6325357556343079 1343
1783208819812 0.09424705803394318 1344
1783208819848 0.41416993737220764 1345
1783208819883 0.36811405420303345 1346
1783208819917 0.2589380145072937 1347
1783208819952 0.30672240257263184 1348
1783208819986 0.6101406216621399 1349
1783208820022 0.33516836166381836 1350
1783208820056 0.2745051085948944 1351
1783208820090 0.593355655670166 1352
1783208820126 0.2194099873304367 1353
1783208820160 0.4556458592414856 1354
1783208820195 0.508746862411499 1355
1783208820230 0.3248195946216583 1356
1783208820264 0.22417202591896057 1357
1783208820299 0.42873260378837585 1358
1783208820333 0.7957121729850769 1359
1783208820367 0.34590718150138855 1360
1783208820401 0.3421788215637207 1361
1783208820435 0.4669340252876282 1362
1783208820469 0.3940051794052124 1363
1783208820503 0.4708750545978546 1364
1783208820537 0.2786010503768921 1365
1783208820571 0.5658369660377502 1366
1783208820605 0.3100840747356415 1367
1783208820639 0.17069712281227112 1368
1783208820674 0.09683458507061005 1369
1783208820708 0.26691490411758423 1370
1783208820743 0.18335890769958496 1371
1783208820777 0.3423049747943878 1372
1783208820811 0.594806432723999 1373
1783208820846 0.176963210105896 1374
1783208820881 0.255165696144104 1375
1783208820916 0.3303912580013275 1376
1783208820951 0.5109964609146118 1377
1783208820985 0.4584433436393738 1378
1783208821019 0.3221440613269806 1379
1783208821054 0.2536705732345581 1380
1783208821091 0.24446652829647064 1381
1783208821128 0.1601463109254837 1382
1783208821164 0.5345427989959717 1383
1783208821199 0.46740370988845825 1384
1783208821234 0.2758904695510864 1385
1783208821269 0.3220832049846649 1386
1783208821304 0.3966459333896637 1387
1783208821339 0.31283313035964966 1388
1783208821375 0.35289767384529114 1389
1783208821409 0.44614627957344055 1390
1783208821443 0.36016610264778137 1391
1783208821478 0.31868305802345276 1392
1783208821512 0.34772536158561707 1393
1783208821546 0.12522903084754944 1394
1783208821580 0.2929668128490448 1395
1783208821616 0.30025285482406616 1396
1783208821651 0.6893717050552368 1397
1783208821685 0.31269705295562744 1398
1783208821720 0.22980228066444397 1399
1783208821755 0.15413185954093933 1400
1783208821789 0.24805882573127747 1401
1783208821824 0.40491876006126404 1402
1783208821859 0.14911094307899475 1403
1783208821894 0.25667431950569153 1404
1783208821928 0.49394527077674866 1405
1783208821963 0.2287464737892151 1406
1783208821998 0.7798767685890198 1407
1783208822033 0.6320549249649048 1408
1783208822066 0.1318347305059433 1409
1783208822101 0.36577850580215454 1410
1783208822135 0.4792732894420624 1411
1783208822170 0.3923085033893585 1412
1783208822205 0.3875972628593445 1413
1783208822240 0.4572348892688751 1414
1783208822276 0.3000737428665161 1415
1783208822312 0.3573633134365082 1416
1783208822347 0.622596800327301 1417
1783208822381 0.6826232671737671 1418
1783208822416 0.3458271026611328 1419
1783208822450 0.16452249884605408 1420
1783208822485 0.25600728392601013 1421
1783208822520 0.415197491645813 1422
1783208822554 0.3011811673641205 1423
1783208822589 0.3098674714565277 1424
1783208822623 0.299961656332016 1425
1783208822658 0.2536364197731018 1426
1783208822693 0.406480073928833 1427
1783208822727 0.4589526951313019 1428
1783208822762 0.27257806062698364 1429
1783208822796 0.3772473931312561 1430
1783208822830 0.3812026381492615 1431
1783208822864 0.2331591099500656 1432
1783208822899 0.20646138489246368 1433
1783208822933 0.3075835406780243 1434
1783208822966 0.26873254776000977 1435
1783208823001 0.15167538821697235 1436
1783208823034 0.34648603200912476 1437
1783208823068 0.6193979978561401 1438
1783208823101 0.28566908836364746 1439
1783208823136 0.3748435974121094 1440
1783208823170 0.558688223361969 1441
1783208823204 0.6309448480606079 1442
1783208823239 0.3670089542865753 1443
1783208823273 0.17477214336395264 1444
1783208823307 0.35644131898880005 1445
1783208823342 0.2659074664115906 1446
1783208823375 0.404906690120697 1447
1783208823409 0.5449492335319519 1448
1783208823445 0.13721254467964172 1449
1783208823481 0.7671136856079102 1450
1783208823516 0.12948957085609436 1451
1783208823550 0.3290553092956543 1452
1783208823584 0.3451451361179352 1453
1783208823620 0.2874143421649933 1454
1783208823653 0.3220687210559845 1455
1783208823688 0.5049909353256226 1456
1783208823724 0.4091370403766632 1457
1783208823758 0.47465670108795166 1458
1783208823793 0.22038543224334717 1459
1783208823829 0.1609613001346588 1460
1783208823864 0.5028402209281921 1461
1783208823898 0.4343320429325104 1462
1783208823932 0.5673518180847168 1463
1783208823966 0.2778817117214203 1464
1783208823999 0.24674350023269653 1465
1783208824032 0.18518872559070587 1466
1783208824066 0.6295499205589294 1467
1783208824099 0.425523042678833 1468
1783208824133 0.502521276473999 1469
1783208824167 0.18572914600372314 1470
1783208824202 0.4704760015010834 1471
1783208824236 0.22993029654026031 1472
1783208824271 0.3697621822357178 1473
1783208824305 0.2551336884498596 1474
1783208824339 0.4060668349266052 1475
1783208824372 0.891623318195343 1476
1783208824407 0.40591803193092346 1477
1783208824441 0.47836020588874817 1478
1783208824474 0.9641706943511963 1479
1783208824508 0.33059874176979065 1480
1783208824541 0.3259243071079254 1481
1783208824577 0.27047446370124817 1482
1783208824611 0.4274778664112091 1483
1783208824653 0.5182738900184631 1484
1783208824691 0.22774802148342133 1485
1783208824727 0.2617972791194916 1486
1783208824763 0.3801220655441284 1487
1783208824798 0.37727412581443787 1488
1783208824833 0.11973818391561508 1489
1783208824867 0.23248226940631866 1490
1783208824903 0.3079893887042999 1491
1783208824941 0.15422692894935608 1492
1783208824977 0.27668121457099915 1493
1783208825012 0.620327353477478 1494
1783208825047 0.3931241035461426 1495
1783208825081 0.34933480620384216 1496
1783208825118 0.18274599313735962 1497
1783208825154 0.4761975109577179 1498
1783208825188 0.33915314078330994 1499
1783208825223 0.44609251618385315 1500
1783208825257 0.3470645248889923 1501
1783208825293 0.208291158080101 1502
1783208825328 0.5697714686393738 1503
1783208825364 0.2549348771572113 1504
1783208825400 0.30548012256622314 1505
1783208825437 0.3081040382385254 1506
1783208825473 0.15212826430797577 1507
1783208825508 0.17743490636348724 1508
1783208825545 0.21543855965137482 1509
1783208825582 0.22610872983932495 1510
1783208825617 0.14196905493736267 1511
1783208825652 0.30591481924057007 1512
1783208825687 0.34016114473342896 1513
1783208825721 0.13462427258491516 1514
1783208825756 0.3476235866546631 1515
1783208825791 0.16553166508674622 1516
1783208825827 0.550043523311615 1517
1783208825863 0.11961578577756882 1518
1783208825899 0.5003423094749451 1519
1783208825934 0.14614151418209076 1520
1783208825969 0.3301011621952057 1521
1783208826003 0.23804743587970734 1522
1783208826038 0.30745789408683777 1523
1783208826070 0.2450191229581833 1524
1783208826104 0.3804267644882202 1525
1783208826138 0.36125651001930237 1526
1783208826172 0.19316363334655762 1527
1783208826207 0.4203391373157501 1528
1783208826240 0.3809928297996521 1529
1783208826273 0.21367861330509186 1530
1783208826307 0.46169719099998474 1531
1783208826342 0.17999635636806488 1532
1783208826375 0.32433971762657166 1533
1783208826410 0.4600171148777008 1534
1783208826444 0.2821807861328125 1535
1783208826480 0.43031182885169983 1536
1783208826515 0.5546080470085144 1537
1783208826552 0.5350874066352844 1538
1783208826586 0.22786013782024384 1539
1783208826620 0.4741251766681671 1540
1783208826655 0.18813742697238922 1541
1783208826690 0.08775010704994202 1542
1783208826724 0.3562853932380676 1543
1783208826758 0.37626832723617554 1544
1783208826792 0.36028000712394714 1545
1783208826826 0.2842104434967041 1546
1783208826862 0.5536969304084778 1547
1783208826896 0.32883280515670776 1548
1783208826930 0.3658546507358551 1549
1783208826964 0.4803786277770996 1550
1783208826998 0.08190871775150299 1551
1783208827032 0.934223473072052 1552
1783208827066 0.13866765797138214 1553
1783208827100 0.7444176077842712 1554
1783208827135 0.11133281141519547 1555
1783208827169 0.3194420039653778 1556
1783208827203 0.2341243028640747 1557
1783208827239 0.3816218674182892 1558
1783208827275 0.5294013619422913 1559
1783208827310 0.2806909382343292 1560
1783208827344 0.5159978270530701 1561
1783208827379 0.33585691452026367 1562
1783208827414 0.30815213918685913 1563
1783208827448 0.20041091740131378 1564
1783208827482 0.5818937420845032 1565
1783208827519 0.3366464376449585 1566
1783208827554 0.36166685819625854 1567
1783208827590 0.1363716423511505 1568
1783208827625 0.22870412468910217 1569
1783208827661 0.39399662613868713 1570
1783208827696 0.21298372745513916 1571
1783208827731 0.31010064482688904 1572
1783208827766 0.4263150691986084 1573
1783208827800 0.5828077793121338 1574
1783208827834 0.2885270416736603 1575
1783208827868 0.18353717029094696 1576
1783208827905 0.24046333134174347 1577
1783208827942 0.24749860167503357 1578
1783208827978 0.24780763685703278 1579
1783208828013 0.399253249168396 1580
1783208828048 0.0951356440782547 1581
1783208828083 0.580597996711731 1582
1783208828118 0.4137107729911804 1583
1783208828153 0.23794981837272644 1584
1783208828187 0.420865535736084 1585
1783208828221 0.2625828981399536 1586
1783208828255 0.19054771959781647 1587
1783208828292 0.2190951406955719 1588
1783208828328 0.11477870494127274 1589
1783208828364 0.26684892177581787 1590
1783208828399 0.3187961280345917 1591
1783208828435 0.3768494129180908 1592
1783208828471 1.058842658996582 1593
1783208828507 0.4238307476043701 1594
1783208828542 0.41300541162490845 1595
1783208828579 0.12378497421741486 1596
1783208828614 0.25589439272880554 1597
1783208828650 0.15485911071300507 1598
1783208828686 0.5708817839622498 1599
1783208828721 0.2245464026927948 1600
1783208828756 0.23920142650604248 1601
1783208828794 0.6098634004592896 1602
1783208828829 0.060286745429039 1603
1783208828865 0.32888147234916687 1604
1783208828901 0.21897265315055847 1605
1783208828937 0.21035608649253845 1606
1783208828973 0.5988245606422424 1607
1783208829009 0.13695405423641205 1608
1783208829044 0.3465612232685089 1609
1783208829082 0.23674675822257996 1610
1783208829120 0.4159362018108368 1611
1783208829155 0.23358392715454102 1612
1783208829191 0.2627916932106018 1613
1783208829226 0.5600996613502502 1614
1783208829261 0.36476683616638184 1615
1783208829296 0.1548028141260147 1616
1783208829330 0.4513111114501953 1617
1783208829363 0.4006219506263733 1618
1783208829398 0.25848057866096497 1619
1783208829433 0.3436948359012604 1620
1783208829466 0.5251373052597046 1621
1783208829502 0.43671342730522156 1622
1783208829538 0.3734375238418579 1623
1783208829580 0.17321166396141052 1624
1783208829620 0.321298748254776 1625
1783208829656 0.18544553220272064 1626
1783208829691 0.12700383365154266 1627
1783208829725 0.16656722128391266 1628
1783208829758 0.3214915096759796 1629
1783208829793 0.36007556319236755 1630
1783208829829 0.1144486516714096 1631
1783208829864 0.1947215348482132 1632
1783208829899 0.3664773404598236 1633
1783208829935 0.18531638383865356 1634
1783208829972 0.7615419030189514 1635
1783208830009 0.10202439874410629 1636
1783208830044 0.4588792622089386 1637
1783208830079 0.16277047991752625 1638
1783208830114 0.49343422055244446 1639
1783208830151 0.5193431973457336 1640
1783208830187 0.22837398946285248 1641
1783208830223 0.26258111000061035 1642
1783208830257 0.1384350061416626 1643
1783208830293 0.45585471391677856 1644
1783208830329 0.4504234492778778 1645
1783208830364 0.45112940669059753 1646
1783208830401 0.16956014931201935 1647
1783208830437 0.13352248072624207 1648
1783208830473 0.3265763819217682 1649
1783208830508 0.5768263936042786 1650
1783208830543 0.3255417048931122 1651
1783208830580 0.30494701862335205 1652
1783208830615 0.3873700797557831 1653
1783208830652 0.3632397949695587 1654
1783208830689 0.10737816244363785 1655
1783208830726 0.2515069544315338 1656
1783208830761 0.2355877161026001 1657
1783208830797 0.33262506127357483 1658
1783208830832 0.427238792181015 1659
1783208830868 0.5216807723045349 1660
1783208830904 0.33760467171669006 1661
1783208830940 0.25413778424263 1662
1783208830975 0.39517742395401 1663
1783208831011 0.31396302580833435 1664
1783208831045 0.19039952754974365 1665
1783208831082 0.3284533619880676 1666
1783208831116 0.7439907193183899 1667
1783208831150 0.39750728011131287 1668
1783208831184 0.5595837831497192 1669
1783208831219 0.26326191425323486 1670
1783208831253 0.28102970123291016 1671
1783208831287 0.30980297923088074 1672
1783208831321 0.167053684592247 1673
