1783208701085 2.3771843910217285 0
1783208701133 2.1447789669036865 1
1783208701169 2.185187578201294 2
1783208701206 2.365732431411743 3
1783208701243 2.3094112873077393 4
1783208701278 2.0413899421691895 5
1783208701314 2.3059403896331787 6
1783208701351 2.0375940799713135 7
1783208701391 2.0508575439453125 8
1783208701427 1.6291189193725586 9
1783208701463 2.075869083404541 10
1783208701499 1.7470210790634155 11
1783208701536 1.7192966938018799 12
1783208701571 1.807455062866211 13
1783208701605 1.6259567737579346 14
1783208701641 1.7696632146835327 15
1783208701676 1.5807268619537354 16
1783208701711 1.7556711435317993 17
1783208701746 1.5801100730895996 18
1783208701780 1.5956374406814575 19
1783208701815 1.4261980056762695 20
1783208701851 1.3513998985290527 21
1783208701888 1.4785385131835938 22
1783208701923 1.3233083486557007 23
1783208701957 1.4783424139022827 24
1783208701990 1.3840259313583374 25
1783208702025 1.2993743419647217 26
1783208702060 1.3997911214828491 27
1783208702095 1.6437315940856934 28
1783208702131 1.0402343273162842 29
1783208702167 1.185015320777893 30
1783208702202 1.2338753938674927 31
1783208702237 1.1443336009979248 32
1783208702273 1.1859840154647827 33
1783208702309 1.1268835067749023 34
1783208702345 1.4231736660003662 35
1783208702381 1.1332502365112305 36
1783208702425 0.9730585217475891 37
1783208702460 1.2115159034729004 38
1783208702495 1.1719285249710083 39
1783208702531 1.1745432615280151 40
1783208702567 1.0772614479064941 41
1783208702602 1.0027406215667725 42
1783208702637 0.9412533640861511 43
1783208702673 1.150888442993164 44
1783208702708 1.028278112411499 45
1783208702745 1.10074782371521 46
1783208702783 0.7179524898529053 47
1783208702819 0.8575842976570129 48
1783208702853 1.1939748525619507 49
1783208702888 0.8839002251625061 50
1783208702923 1.1516469717025757 51
1783208702959 0.8822262287139893 52
1783208702993 0.8034769296646118 53
1783208703027 0.7156264185905457 54
1783208703063 0.7433081269264221 55
1783208703099 0.9071598649024963 56
1783208703136 0.8136460185050964 57
1783208703173 0.7335563898086548 58
1783208703208 1.1730194091796875 59
1783208703243 0.7923862934112549 60
1783208703278 0.9001482725143433 61
1783208703315 0.9643116593360901 62
1783208703352 1.1399977207183838 63
1783208703389 1.1443997621536255 64
1783208703426 0.7654492259025574 65
1783208703462 0.9914624691009521 66
1783208703499 0.6216148138046265 67
1783208703535 0.827541708946228 68
1783208703570 0.6867616772651672 69
1783208703603 0.7131091356277466 70
1783208703638 0.7534604072570801 71
1783208703674 0.5402886271476746 72
1783208703709 0.7832714915275574 73
1783208703746 1.0269719362258911 74
1783208703781 0.7869583368301392 75
1783208703816 0.939152717590332 76
1783208703850 0.6384493708610535 77
1783208703885 0.8619253635406494 78
1783208703922 0.7037756443023682 79
1783208703958 0.707568883895874 80
1783208703993 0.8495216369628906 81
1783208704029 0.7599936127662659 82
1783208704064 0.5288693904876709 83
1783208704098 0.5449962615966797 84
1783208704133 0.7127283811569214 85
1783208704168 0.587072491645813 86
1783208704203 0.8469574451446533 87
1783208704237 0.6583327054977417 88
1783208704272 0.5860733389854431 89
1783208704306 0.6377660036087036 90
1783208704341 0.6270433068275452 91
1783208704375 0.7162114381790161 92
1783208704409 0.6762456297874451 93
1783208704444 0.6536203622817993 94
1783208704478 0.8556325435638428 95
1783208704513 0.6407284736633301 96
1783208704547 0.8960562348365784 97
1783208704582 0.4690608084201813 98
1783208704617 0.6481515169143677 99
1783208704651 0.8824827075004578 100
1783208704687 0.6574499011039734 101
1783208704723 0.5773639678955078 102
1783208704760 0.7357963919639587 103
1783208704799 0.528259813785553 104
1783208704836 0.36149948835372925 105
1783208704874 0.6377320885658264 106
1783208704911 0.5994031429290771 107
1783208704949 0.7010893225669861 108
1783208704987 0.6280187368392944 109
1783208705024 0.6466496586799622 110
1783208705061 0.6129534244537354 111
1783208705098 0.5505006313323975 112
1783208705134 0.8170802593231201 113
1783208705170 0.5769379138946533 114
1783208705207 0.565464973449707 115
1783208705244 0.8719964027404785 116
1783208705282 0.6019430756568909 117
1783208705318 0.7351322770118713 118
1783208705355 0.7958911061286926 119
1783208705394 0.4294402599334717 120
1783208705434 0.7539594173431396 121
1783208705473 0.5343547463417053 122
1783208705513 0.49643686413764954 123
1783208705551 0.574798047542572 124
1783208705590 0.748935878276825 125
1783208705628 0.6107985973358154 126
1783208705668 0.47071573138237 127
1783208705706 0.44114574790000916 128
1783208705746 0.48078685998916626 129
1783208705784 0.6117584705352783 130
1783208705824 0.646049439907074 131
1783208705864 0.5950890779495239 132
1783208705904 0.49221113324165344 133
1783208705942 0.6953302025794983 134
1783208705981 0.6669169068336487 135
1783208706017 0.7529867887496948 136
1783208706054 0.39911937713623047 137
1783208706091 1.0676512718200684 138
1783208706127 0.6337295174598694 139
1783208706165 0.38284263014793396 140
1783208706202 0.6766632199287415 141
1783208706239 0.41269347071647644 142
1783208706276 0.5168310403823853 143
1783208706314 0.7031058669090271 144
1783208706351 0.5891735553741455 145
1783208706388 0.6302703619003296 146
1783208706424 0.6330730319023132 147
1783208706460 0.5206485986709595 148
1783208706497 0.47614169120788574 149
1783208706533 0.3776073455810547 150
1783208706569 0.6305447816848755 151
1783208706603 0.5746323466300964 152
1783208706640 0.467301607131958 153
1783208706677 0.479477196931839 154
1783208706715 0.490888386964798 155
1783208706752 0.40293967723846436 156
1783208706790 0.612598717212677 157
1783208706828 0.32733431458473206 158
1783208706867 0.5701408982276917 159
1783208706907 0.3794253170490265 160
1783208706946 0.49143433570861816 161
1783208706982 0.7094148397445679 162
1783208707021 0.5352182984352112 163
1783208707059 0.5653351545333862 164
1783208707098 0.6570020914077759 165
1783208707138 0.3510010838508606 166
1783208707175 0.6101682782173157 167
1783208707214 0.6015801429748535 168
1783208707253 0.6108276844024658 169
1783208707291 0.4957742393016815 170
1783208707328 0.4414820969104767 171
1783208707365 0.42092740535736084 172
1783208707402 0.6949746012687683 173
1783208707439 0.6909725069999695 174
1783208707476 0.39097535610198975 175
1783208707513 0.46332037448883057 176
1783208707549 0.5103929042816162 177
1783208707585 0.4650111794471741 178
1783208707620 0.5209845900535583 179
1783208707655 0.44719362258911133 180
1783208707689 0.5973116755485535 181
1783208707724 0.5797722935676575 182
1783208707759 0.8852095007896423 183
1783208707794 0.45516863465309143 184
1783208707830 0.5705455541610718 185
1783208707864 0.4843476712703705 186
1783208707900 0.5647105574607849 187
1783208707935 0.4803338646888733 188
1783208707970 0.41443467140197754 189
1783208708005 0.3994074761867523 190
1783208708041 0.579243004322052 191
1783208708074 0.5709896087646484 192
1783208708111 0.611473560333252 193
1783208708148 0.5979520082473755 194
1783208708184 0.7557418942451477 195
1783208708219 0.5475185513496399 196
1783208708253 0.5810969471931458 197
1783208708288 0.4842953383922577 198
1783208708324 0.6057282090187073 199
1783208708359 0.6265261769294739 200
1783208708393 0.6618883609771729 201
1783208708429 0.5677511096000671 202
1783208708462 0.2951532304286957 203
1783208708496 0.5814061760902405 204
1783208708530 0.7575377225875854 205
1783208708565 0.5035164952278137 206
1783208708601 0.4843207597732544 207
1783208708634 0.633263111114502 208
1783208708669 0.4288600981235504 209
1783208708702 0.51838219165802 210
1783208708737 0.5683587789535522 211
1783208708773 0.4138440191745758 212
1783208708808 0.6453308463096619 213
1783208708843 0.36848175525665283 214
1783208708879 0.456233948469162 215
1783208708913 0.4001516103744507 216
1783208708949 0.39616212248802185 217
1783208708983 0.5415829420089722 218
1783208709023 0.4834755063056946 219
1783208709062 0.6689230799674988 220
1783208709099 0.5665525794029236 221
1783208709135 0.5567842721939087 222
1783208709171 0.5051069259643555 223
1783208709207 0.6302033066749573 224
1783208709242 0.33579593896865845 225
1783208709276 0.29404008388519287 226
1783208709310 0.6299409866333008 227
1783208709345 0.8745778799057007 228
1783208709378 0.6555600762367249 229
1783208709415 0.39907488226890564 230
1783208709451 0.4219593107700348 231
1783208709488 0.2959761321544647 232
1783208709523 0.5490762591362 233
1783208709559 0.4182265102863312 234
1783208709594 0.8180402517318726 235
1783208709630 0.6215007305145264 236
1783208709663 0.47360438108444214 237
1783208709702 0.5587418079376221 238
1783208709738 0.42398911714553833 239
1783208709773 0.560157060623169 240
1783208709808 0.49117887020111084 241
1783208709843 0.5297756195068359 242
1783208709877 0.401441752910614 243
1783208709911 0.460866242647171 244
1783208709946 0.5345942378044128 245
1783208709980 0.38014984130859375 246
1783208710021 0.38646313548088074 247
1783208710057 0.5658509731292725 248
1783208710094 0.2993462383747101 249
1783208710133 0.565417468547821 250
1783208710168 0.40672558546066284 251
1783208710202 0.7405970096588135 252
1783208710236 0.5050636529922485 253
1783208710271 0.42982596158981323 254
1783208710307 0.6480532288551331 255
1783208710344 0.793394148349762 256
1783208710379 0.7027713060379028 257
1783208710414 0.818458080291748 258
1783208710450 0.3126756548881531 259
1783208710485 0.43854379653930664 260
1783208710520 0.5731238722801208 261
1783208710558 0.5912912487983704 262
1783208710594 0.38287216424942017 263
1783208710630 0.563504159450531 264
1783208710665 0.3632412552833557 265
1783208710700 0.4329685866832733 266
1783208710735 0.39740580320358276 267
1783208710770 0.30676013231277466 268
1783208710805 0.26175445318222046 269
1783208710841 0.4563678801059723 270
1783208710876 0.5476433038711548 271
1783208710912 0.6566249132156372 272
1783208710946 0.47212591767311096 273
1783208710980 0.2587541341781616 274
1783208711015 0.5942049622535706 275
1783208711050 0.6197177767753601 276
1783208711085 0.5414379239082336 277
1783208711123 0.6375532746315002 278
1783208711160 0.40052008628845215 279
1783208711196 0.6020926237106323 280
1783208711232 0.5915358066558838 281
1783208711268 0.5634707808494568 282
1783208711304 0.4107605814933777 283
1783208711340 0.4048864543437958 284
1783208711375 0.5452272891998291 285
1783208711411 0.3127927780151367 286
1783208711446 0.3359563648700714 287
1783208711481 0.311653733253479 288
1783208711516 0.49645742774009705 289
1783208711551 0.585734486579895 290
1783208711586 0.6373420357704163 291
1783208711621 0.6555715203285217 292
1783208711655 0.7466358542442322 293
1783208711689 0.31052249670028687 294
1783208711724 0.46771517395973206 295
1783208711758 0.36106207966804504 296
1783208711792 0.615145742893219 297
1783208711826 0.5494241714477539 298
1783208711861 0.3908391296863556 299
1783208711895 0.7283537983894348 300
1783208711928 0.23741348087787628 301
1783208711963 0.27972689270973206 302
1783208711997 0.40886247158050537 303
1783208712031 0.4244445860385895 304
1783208712065 0.3817647695541382 305
1783208712100 0.5148927569389343 306
1783208712136 0.31681472063064575 307
1783208712170 0.5320299863815308 308
1783208712204 0.3133179843425751 309
1783208712237 0.6281099319458008 310
1783208712271 0.3162381649017334 311
1783208712305 0.6719826459884644 312
1783208712341 0.42112016677856445 313
1783208712376 0.31289243698120117 314
1783208712410 0.46006110310554504 315
1783208712444 0.7815134525299072 316
1783208712477 0.2706435024738312 317
1783208712511 0.5744509100914001 318
1783208712545 0.35768991708755493 319
1783208712579 0.4070460796356201 320
1783208712613 0.5017130374908447 321
1783208712647 0.30593159794807434 322
1783208712681 0.625297486782074 323
1783208712715 0.33361172676086426 324
1783208712749 0.2911279797554016 325
1783208712783 0.4426182508468628 326
1783208712819 0.5809890031814575 327
1783208712854 0.27807652950286865 328
1783208712890 0.41274282336235046 329
1783208712927 0.3626233637332916 330
1783208712964 0.24663232266902924 331
1783208713000 0.5582093596458435 332
1783208713036 0.6269756555557251 333
1783208713072 0.36970189213752747 334
1783208713107 0.23664364218711853 335
1783208713143 0.3741592466831207 336
1783208713179 0.6376549601554871 337
1783208713215 0.3590650260448456 338
1783208713250 0.3931191563606262 339
1783208713286 0.5539298057556152 340
1783208713321 0.4482617676258087 341
1783208713356 0.6523751020431519 342
1783208713392 0.3958717882633209 343
1783208713427 0.4448196291923523 344
1783208713461 0.4865657091140747 345
1783208713494 0.5447201728820801 346
1783208713528 0.4444386661052704 347
1783208713562 0.4208754301071167 348
1783208713595 0.6157932281494141 349
1783208713633 0.7228334546089172 350
1783208713671 0.26974907517433167 351
1783208713708 0.3483794927597046 352
1783208713746 0.316601425409317 353
1783208713783 0.425176739692688 354
1783208713818 0.43909627199172974 355
1783208713853 0.40238863229751587 356
1783208713887 0.39317965507507324 357
1783208713923 0.2990550100803375 358
1783208713958 0.4532453417778015 359
1783208713993 0.5911079049110413 360
1783208714032 0.2515234649181366 361
1783208714072 0.5704848766326904 362
1783208714114 0.37039312720298767 363
1783208714155 0.460986852645874 364
1783208714191 0.3733625113964081 365
1783208714226 0.4063209593296051 366
1783208714261 0.24677477777004242 367
1783208714295 0.5825371742248535 368
1783208714330 0.36959385871887207 369
1783208714365 0.37846893072128296 370
1783208714400 0.6930050849914551 371
1783208714433 0.5401371717453003 372
1783208714467 0.3182622492313385 373
1783208714501 0.40156954526901245 374
1783208714534 0.4418471157550812 375
1783208714567 0.3774484395980835 376
1783208714600 0.5304318070411682 377
1783208714634 0.5735453963279724 378
1783208714669 0.6169582009315491 379
1783208714706 0.5592024326324463 380
1783208714743 0.5112566947937012 381
1783208714779 0.514633059501648 382
1783208714816 0.4449980556964874 383
1783208714854 0.5443000793457031 384
1783208714890 0.23908956348896027 385
1783208714926 0.5039539933204651 386
1783208714963 0.2503144145011902 387
1783208715001 0.3744131028652191 388
1783208715036 0.3802502155303955 389
1783208715073 0.39596495032310486 390
1783208715108 0.28696298599243164 391
1783208715144 0.3521222174167633 392
1783208715182 0.5335761308670044 393
1783208715218 0.5429839491844177 394
1783208715255 0.3885442018508911 395
1783208715292 0.33557868003845215 396
1783208715328 0.40353140234947205 397
1783208715365 0.5658232569694519 398
1783208715402 0.31338876485824585 399
1783208715438 0.45408758521080017 400
1783208715475 0.4960922300815582 401
1783208715510 0.6139746904373169 402
1783208715547 0.27154114842414856 403
1783208715583 0.4495437443256378 404
1783208715620 0.4318830966949463 405
1783208715658 0.44596877694129944 406
1783208715694 0.26876068115234375 407
1783208715730 0.42516621947288513 408
1783208715768 0.2955121099948883 409
1783208715804 0.3415829837322235 410
1783208715840 0.4261385202407837 411
1783208715876 0.810891330242157 412
1783208715911 0.4591265022754669 413
1783208715948 0.5249469876289368 414
1783208715982 0.394880473613739 415
1783208716017 0.751698911190033 416
1783208716052 0.23909811675548553 417
1783208716088 0.22932036221027374 418
1783208716122 0.6543278098106384 419
1783208716156 0.39601829648017883 420
1783208716192 0.3134925663471222 421
1783208716228 0.3366658687591553 422
1783208716263 0.2501250207424164 423
1783208716300 0.9826802015304565 424
1783208716336 0.6972188353538513 425
1783208716373 0.5791492462158203 426
1783208716409 0.3836711347103119 427
1783208716445 0.6277796030044556 428
1783208716481 0.27369898557662964 429
1783208716517 0.5213388204574585 430
1783208716552 0.4002443552017212 431
1783208716586 0.5353342294692993 432
1783208716623 0.6128652095794678 433
1783208716658 0.45738664269447327 434
1783208716693 0.4630763530731201 435
1783208716729 0.33948245644569397 436
1783208716765 0.19029316306114197 437
1783208716800 0.6109111309051514 438
1783208716834 0.5232504606246948 439
1783208716869 0.24676144123077393 440
1783208716905 0.25355833768844604 441
1783208716941 0.5371958017349243 442
1783208716976 0.3372959792613983 443
1783208717012 0.5180872678756714 444
1783208717048 0.3773178160190582 445
1783208717082 0.26840367913246155 446
1783208717117 0.385214239358902 447
1783208717156 0.7285492420196533 448
1783208717196 0.12591397762298584 449
1783208717231 0.3861556053161621 450
1783208717267 0.881111741065979 451
1783208717302 0.494811087846756 452
1783208717338 0.3541715443134308 453
1783208717373 0.5271992683410645 454
1783208717409 0.2592456042766571 455
1783208717444 0.3320997953414917 456
1783208717479 0.44595104455947876 457
1783208717514 0.4831582307815552 458
1783208717549 0.5369706153869629 459
1783208717584 0.3198796510696411 460
1783208717618 0.23218567669391632 461
1783208717652 0.3518584966659546 462
1783208717687 0.5905808210372925 463
1783208717722 0.7023217082023621 464
1783208717756 0.5816770195960999 465
1783208717792 0.4208246171474457 466
1783208717827 0.5618352293968201 467
1783208717861 0.4707157015800476 468
1783208717895 0.24962130188941956 469
1783208717930 0.5490762591362 470
1783208717964 0.6257678866386414 471
1783208717999 0.37274864315986633 472
1783208718034 0.3598683774471283 473
1783208718069 0.22559046745300293 474
1783208718104 0.710024356842041 475
1783208718138 0.44620054960250854 476
1783208718172 0.4015902578830719 477
1783208718207 0.279620885848999 478
1783208718241 0.31497034430503845 479
1783208718276 0.29278892278671265 480
1783208718310 0.4313049018383026 481
1783208718345 0.2971005439758301 482
1783208718380 0.6003142595291138 483
1783208718414 0.44957229495048523 484
1783208718448 0.5797892808914185 485
1783208718483 0.43746092915534973 486
1783208718518 0.25912708044052124 487
1783208718553 0.4483335614204407 488
1783208718588 0.5647019743919373 489
1783208718622 0.20391392707824707 490
1783208718658 0.4286104142665863 491
1783208718694 0.4196253716945648 492
1783208718730 0.28768396377563477 493
1783208718768 0.38874319195747375 494
1783208718804 0.20367303490638733 495
1783208718840 0.20283371210098267 496
1783208718877 0.4267660677433014 497
1783208718913 0.6716268658638 498
1783208718949 0.3952840268611908 499
1783208718985 0.25672414898872375 500
1783208719024 0.44156643748283386 501
1783208719062 0.19905564188957214 502
1783208719101 0.49014797806739807 503
1783208719135 0.3460719585418701 504
1783208719172 0.26555928587913513 505
1783208719208 0.6831363439559937 506
1783208719245 0.45547959208488464 507
1783208719283 0.5333473086357117 508
1783208719319 0.6299117207527161 509
1783208719356 0.7351484894752502 510
1783208719394 0.23967157304286957 511
1783208719429 0.24431617558002472 512
1783208719465 0.311485230922699 513
1783208719502 0.3762757182121277 514
1783208719539 0.9408984780311584 515
1783208719576 0.4075948894023895 516
1783208719613 0.42958998680114746 517
1783208719649 0.24407567083835602 518
1783208719684 0.41918134689331055 519
1783208719721 0.4382604956626892 520
1783208719755 0.3815401494503021 521
1783208719792 0.21964001655578613 522
1783208719830 0.29175904393196106 523
1783208719869 0.6238880753517151 524
1783208719907 0.21271786093711853 525
1783208719944 0.6434618234634399 526
1783208719982 0.5331727862358093 527
1783208720021 0.5054298639297485 528
1783208720062 0.2606774866580963 529
1783208720101 0.2446216642856598 530
1783208720139 0.4692807197570801 531
1783208720176 0.2570302188396454 532
1783208720215 0.31488558650016785 533
1783208720253 0.34487786889076233 534
1783208720290 0.49360719323158264 535
1783208720328 0.6264190673828125 536
1783208720366 0.5017133951187134 537
1783208720403 0.4211537539958954 538
1783208720442 0.2540763318538666 539
1783208720479 0.5683777332305908 540
1783208720517 0.40193116664886475 541
1783208720552 0.3179880380630493 542
1783208720589 0.4709049463272095 543
1783208720626 0.6100008487701416 544
1783208720664 0.443209171295166 545
1783208720701 0.5547476410865784 546
1783208720738 0.46705862879753113 547
1783208720775 0.41677480936050415 548
1783208720812 0.49580904841423035 549
1783208720850 0.252511590719223 550
1783208720889 0.3409035801887512 551
1783208720925 0.3365071713924408 552
1783208720961 0.259566068649292 553
1783208720998 0.6342085003852844 554
1783208721035 0.26699143648147583 555
1783208721071 0.2994111478328705 556
1783208721108 0.34837424755096436 557
1783208721147 0.2967228591442108 558
1783208721185 0.7323750257492065 559
1783208721220 0.23564112186431885 560
1783208721258 0.28576767444610596 561
1783208721295 0.3892354667186737 562
1783208721332 0.5605146288871765 563
1783208721368 0.3109121322631836 564
1783208721404 0.40469276905059814 565
1783208721441 0.40703514218330383 566
1783208721477 0.5438191890716553 567
1783208721514 0.4647180140018463 568
1783208721550 0.44567155838012695 569
1783208721587 0.4506208598613739 570
1783208721623 0.2049696445465088 571
1783208721660 0.35821834206581116 572
1783208721696 0.4560833275318146 573
1783208721733 0.42511704564094543 574
1783208721770 0.5203429460525513 575
1783208721805 0.3945956826210022 576
1783208721841 0.28252553939819336 577
1783208721876 0.3666086792945862 578
1783208721912 0.2927871644496918 579
1783208721948 0.4015352725982666 580
1783208721983 0.16839031875133514 581
1783208722021 0.6711464524269104 582
1783208722056 0.5027711391448975 583
1783208722092 0.3305308222770691 584
1783208722128 0.26477253437042236 585
1783208722164 0.28192493319511414 586
1783208722199 0.2435111254453659 587
1783208722236 0.5459622144699097 588
1783208722274 0.23603156208992004 589
1783208722310 0.5932250022888184 590
1783208722345 0.3650471866130829 591
1783208722382 0.27834993600845337 592
1783208722418 0.49060526490211487 593
1783208722454 0.2559777498245239 594
1783208722490 0.8018867373466492 595
1783208722526 0.18144626915454865 596
1783208722562 0.40915584564208984 597
1783208722598 0.4098091125488281 598
1783208722634 0.2310059815645218 599
1783208722670 0.12968526780605316 600
1783208722705 0.18435119092464447 601
1783208722739 0.3262728154659271 602
1783208722775 0.4828052222728729 603
1783208722812 0.5306702852249146 604
1783208722847 0.4467713534832001 605
1783208722883 0.4617169499397278 606
1783208722919 0.3375348448753357 607
1783208722955 0.24205690622329712 608
1783208722992 0.5163303017616272 609
1783208723031 0.32198989391326904 610
1783208723067 0.4747387170791626 611
1783208723103 0.3733687400817871 612
1783208723137 0.48337987065315247 613
1783208723171 0.1591041386127472 614
1783208723206 0.12407256662845612 615
1783208723242 0.7465669512748718 616
1783208723278 0.3026273250579834 617
1783208723314 0.34203845262527466 618
1783208723350 0.24232766032218933 619
1783208723385 0.4154301881790161 620
1783208723422 0.44003283977508545 621
1783208723457 0.5813199877738953 622
1783208723493 0.2702229917049408 623
1783208723530 0.21281494200229645 624
1783208723566 0.25007060170173645 625
1783208723603 0.3745993673801422 626
1783208723641 0.2740495502948761 627
1783208723679 0.5117425918579102 628
1783208723716 0.5957632064819336 629
1783208723753 0.47549065947532654 630
1783208723790 0.5610302090644836 631
1783208723826 0.2646600008010864 632
1783208723861 0.31272703409194946 633
1783208723895 0.2547553479671478 634
1783208723932 0.2741529047489166 635
1783208723961 0.5169052481651306 636
1783208723995 0.4081782400608063 637
1783208724030 0.43409839272499084 638
1783208724065 0.2213807851076126 639
1783208724100 0.3362724781036377 640
1783208724135 0.484499454498291 641
1783208724170 0.4730316698551178 642
1783208724205 0.32618647813796997 643
1783208724240 0.13151893019676208 644
1783208724275 0.5986632704734802 645
1783208724311 0.5463151335716248 646
1783208724346 0.42492642998695374 647
1783208724381 0.3593081831932068 648
1783208724417 0.9045811891555786 649
1783208724452 0.5120949149131775 650
1783208724487 0.26513850688934326 651
1783208724521 0.6777325868606567 652
1783208724557 0.29273852705955505 653
1783208724591 0.4166524112224579 654
1783208724626 0.22677630186080933 655
1783208724661 0.23252663016319275 656
1783208724698 0.44447237253189087 657
1783208724733 0.2063407450914383 658
1783208724766 0.5190292596817017 659
1783208724802 0.3485390245914459 660
1783208724839 0.4430589973926544 661
1783208724876 0.5289964079856873 662
1783208724914 0.30762696266174316 663
1783208724950 0.42260175943374634 664
1783208724987 0.3727263808250427 665
1783208725024 0.31434664130210876 666
1783208725062 0.36966419219970703 667
1783208725099 0.5928156971931458 668
1783208725136 0.3267577290534973 669
1783208725174 0.36285513639450073 670
1783208725210 0.44515877962112427 671
1783208725248 0.38583019375801086 672
1783208725286 0.39206787943840027 673
1783208725323 0.433002769947052 674
1783208725359 0.18019603192806244 675
1783208725396 0.7634755373001099 676
1783208725434 0.15337181091308594 677
1783208725473 0.46314194798469543 678
1783208725511 0.3997154235839844 679
1783208725549 0.6037394404411316 680
1783208725585 0.5069356560707092 681
1783208725619 0.7378062009811401 682
1783208725655 0.4876418709754944 683
1783208725691 0.34992364048957825 684
1783208725726 0.37429988384246826 685
1783208725764 0.2100638896226883 686
1783208725801 0.6614152789115906 687
1783208725838 0.43258410692214966 688
1783208725874 0.36241552233695984 689
1783208725911 0.5898711681365967 690
1783208725947 0.48654425144195557 691
1783208725983 0.3938060998916626 692
1783208726019 0.6643956303596497 693
1783208726056 0.23281380534172058 694
1783208726092 0.4334441125392914 695
1783208726129 0.3373090624809265 696
1783208726166 0.34428107738494873 697
1783208726202 0.22420839965343475 698
1783208726239 0.21199890971183777 699
1783208726277 0.20021481812000275 700
1783208726314 0.2076457142829895 701
1783208726352 0.5262270569801331 702
1783208726388 0.20722649991512299 703
1783208726422 0.38981854915618896 704
1783208726456 0.26467740535736084 705
1783208726490 0.1743069589138031 706
1783208726525 0.3003060221672058 707
1783208726559 0.45101746916770935 708
1783208726594 0.20673099160194397 709
1783208726628 0.335250586271286 710
1783208726661 0.24080921709537506 711
1783208726696 0.3353513777256012 712
1783208726730 0.4877089560031891 713
1783208726764 0.42861607670783997 714
1783208726799 0.27624475955963135 715
1783208726833 0.40712156891822815 716
1783208726867 0.839782178401947 717
1783208726901 0.3990239202976227 718
1783208726936 0.28485482931137085 719
1783208726970 0.4353523552417755 720
1783208727004 0.395196795463562 721
1783208727038 0.19046451151371002 722
1783208727072 0.5467079281806946 723
1783208727108 0.49433091282844543 724
1783208727142 0.5258814692497253 725
1783208727177 0.14609169960021973 726
1783208727211 0.3042091429233551 727
1783208727246 0.44395875930786133 728
1783208727281 0.3450438976287842 729
1783208727316 0.4721812903881073 730
1783208727349 0.4760376513004303 731
1783208727384 0.29759567975997925 732
1783208727419 0.5174995064735413 733
1783208727454 0.33503228425979614 734
1783208727488 0.15376082062721252 735
1783208727523 0.5614025592803955 736
1783208727558 0.36758720874786377 737
1783208727593 0.23690064251422882 738
1783208727629 0.2410193532705307 739
1783208727663 0.12433777004480362 740
1783208727697 0.43011778593063354 741
1783208727731 0.17696046829223633 742
1783208727765 0.3144310712814331 743
1783208727798 0.44832924008369446 744
1783208727832 0.2840930223464966 745
1783208727866 0.24614791572093964 746
1783208727900 0.511178195476532 747
1783208727934 0.2274312973022461 748
1783208727967 0.5406700968742371 749
1783208728001 0.40537402033805847 750
1783208728034 0.5650759935379028 751
1783208728068 0.26309734582901 752
1783208728101 0.1588352918624878 753
1783208728135 0.26271963119506836 754
1783208728169 0.3431071937084198 755
1783208728204 0.08292151987552643 756
1783208728240 0.156468465924263 757
1783208728275 0.32985106110572815 758
1783208728310 0.46423858404159546 759
1783208728345 0.44456297159194946 760
1783208728379 0.18354205787181854 761
1783208728414 0.2683035135269165 762
1783208728448 0.6829925179481506 763
1783208728482 0.28441736102104187 764
1783208728516 0.5709730386734009 765
1783208728550 0.4517255425453186 766
1783208728584 0.20040641725063324 767
1783208728618 0.5477865934371948 768
1783208728652 0.22613835334777832 769
1783208728686 0.4008762836456299 770
1783208728721 0.3743516802787781 771
1783208728755 0.3856201469898224 772
1783208728789 0.2061864137649536 773
1783208728825 0.2943379878997803 774
1783208728860 0.20760807394981384 775
1783208728894 0.2877824604511261 776
1783208728928 0.5391577482223511 777
1783208728963 0.33045971393585205 778
1783208729000 0.28293222188949585 779
1783208729042 0.32897523045539856 780
1783208729080 0.22092796862125397 781
1783208729116 0.3722551465034485 782
1783208729152 0.4166490137577057 783
1783208729187 0.32280027866363525 784
1783208729223 0.46631303429603577 785
1783208729257 0.8673505783081055 786
1783208729293 0.31246161460876465 787
1783208729330 0.327717125415802 788
1783208729367 0.5233275294303894 789
1783208729404 0.2161014974117279 790
1783208729441 0.4381348490715027 791
1783208729476 0.5334214568138123 792
1783208729510 0.3902979791164398 793
1783208729544 0.2978273332118988 794
1783208729579 0.2990051209926605 795
1783208729616 0.44602954387664795 796
1783208729655 0.44417569041252136 797
1783208729692 0.2016497701406479 798
1783208729729 0.24449092149734497 799
1783208729762 0.4421634078025818 800
1783208729797 0.39445960521698 801
1783208729830 0.2551341652870178 802
1783208729866 0.5624932646751404 803
1783208729903 0.24247020483016968 804
1783208729941 0.4828543961048126 805
1783208729978 0.3961762487888336 806
1783208730016 0.5477491021156311 807
1783208730054 0.20244508981704712 808
1783208730092 0.24637939035892487 809
1783208730129 0.502453088760376 810
1783208730166 0.18724504113197327 811
1783208730202 0.3379577696323395 812
1783208730240 0.26126915216445923 813
1783208730278 0.326201468706131 814
1783208730315 0.8356395363807678 815
1783208730351 0.20680871605873108 816
1783208730389 0.47536998987197876 817
1783208730425 0.20154856145381927 818
1783208730458 0.2396603524684906 819
1783208730495 0.4203346371650696 820
1783208730531 0.5223851799964905 821
1783208730568 0.47590023279190063 822
1783208730603 0.5108938217163086 823
1783208730642 0.3959066867828369 824
1783208730677 0.6553527116775513 825
1783208730712 0.5846015214920044 826
1783208730750 0.34632498025894165 827
1783208730789 0.24729453027248383 828
1783208730827 0.29263049364089966 829
1783208730862 0.3484133183956146 830
1783208730898 0.27746421098709106 831
1783208730934 0.3603760302066803 832
1783208730969 0.24966327846050262 833
1783208731005 0.40991464257240295 834
1783208731041 0.2422645539045334 835
1783208731075 0.1692800372838974 836
1783208731110 0.42197200655937195 837
1783208731145 0.3203025460243225 838
1783208731182 0.3713606894016266 839
1783208731223 0.450702428817749 840
1783208731260 0.1768599897623062 841
1783208731296 0.3073420822620392 842
1783208731333 0.1905508041381836 843
1783208731372 0.28755995631217957 844
1783208731409 0.1342097818851471 845
1783208731442 0.35943713784217834 846
1783208731478 0.210291787981987 847
1783208731514 0.4497341513633728 848
1783208731550 0.22146213054656982 849
1783208731587 0.3071601986885071 850
1783208731624 0.4222128987312317 851
1783208731662 0.3874059021472931 852
1783208731700 0.5928696990013123 853
1783208731736 0.35788026452064514 854
1783208731774 0.6202989220619202 855
1783208731810 0.3751685917377472 856
1783208731846 0.22187839448451996 857
1783208731882 0.2917896509170532 858
1783208731921 0.5295766592025757 859
1783208731958 0.41485172510147095 860
1783208731995 0.33797988295555115 861
1783208732033 0.5337821841239929 862
1783208732069 0.5421552062034607 863
1783208732107 0.3410670757293701 864
1783208732145 0.4246174097061157 865
1783208732182 0.2987588346004486 866
1783208732219 0.4158434569835663 867
1783208732256 0.43986353278160095 868
1783208732294 0.5036576390266418 869
1783208732330 0.3896678686141968 870
1783208732366 0.34185081720352173 871
1783208732404 0.2262037694454193 872
1783208732442 0.2207549512386322 873
1783208732478 0.461428701877594 874
1783208732515 0.4170462489128113 875
1783208732550 0.2036665678024292 876
1783208732586 0.32984161376953125 877
1783208732623 0.4872452914714813 878
1783208732660 0.287080317735672 879
1783208732697 0.6304917931556702 880
1783208732731 0.7833015322685242 881
1783208732768 0.21882128715515137 882
1783208732806 0.2516883909702301 883
1783208732843 0.4390791356563568 884
1783208732879 0.3032356798648834 885
1783208732919 0.24741365015506744 886
1783208732956 0.48785892128944397 887
1783208732993 0.31638896465301514 888
1783208733031 0.3196122348308563 889
1783208733068 0.21511465311050415 890
1783208733105 0.5087751746177673 891
1783208733142 0.19776396453380585 892
1783208733179 0.3206959366798401 893
1783208733215 0.38972920179367065 894
1783208733252 0.4302619397640228 895
1783208733289 0.19471628963947296 896
1783208733324 0.45022425055503845 897
1783208733362 0.22604142129421234 898
1783208733397 0.15964475274085999 899
1783208733433 0.22011856734752655 900
1783208733468 0.14091865718364716 901
1783208733505 0.27523934841156006 902
1783208733540 0.22297431528568268 903
1783208733576 0.5134738087654114 904
1783208733613 0.7232167720794678 905
1783208733650 0.33986255526542664 906
1783208733686 0.5925271511077881 907
1783208733723 0.42392784357070923 908
1783208733759 0.6525799036026001 909
1783208733797 0.15141437947750092 910
1783208733835 0.3103402554988861 911
1783208733871 0.46940523386001587 912
1783208733910 0.5103467106819153 913
1783208733946 0.6093008518218994 914
1783208733982 0.3159560263156891 915
1783208734019 0.4644147455692291 916
1783208734054 0.1289893388748169 917
1783208734090 0.17050723731517792 918
1783208734128 0.33684030175209045 919
1783208734164 0.5725297927856445 920
1783208734206 0.5545485615730286 921
1783208734246 0.42670896649360657 922
1783208734284 0.5070856213569641 923
1783208734319 0.6161672472953796 924
1783208734354 0.26806381344795227 925
1783208734389 0.470165878534317 926
1783208734425 0.26735958456993103 927
1783208734460 0.47142425179481506 928
1783208734494 0.30946865677833557 929
1783208734529 0.2984843850135803 930
1783208734564 0.39235368371009827 931
1783208734599 0.24673321843147278 932
1783208734633 0.5835756063461304 933
1783208734669 0.16035130620002747 934
1783208734706 0.19010493159294128 935
1783208734744 0.2192237228155136 936
1783208734780 0.32095474004745483 937
1783208734815 0.8349708318710327 938
1783208734849 0.17835892736911774 939
1783208734884 0.34340280294418335 940
1783208734921 0.16848963499069214 941
1783208734957 0.3368246555328369 942
1783208734992 0.30309221148490906 943
1783208735027 0.3567235767841339 944
1783208735062 0.10481579601764679 945
1783208735098 0.28076374530792236 946
1783208735134 0.33781617879867554 947
1783208735170 0.3409839868545532 948
1783208735204 0.34616732597351074 949
1783208735238 0.2787308394908905 950
1783208735273 0.2780061364173889 951
1783208735307 0.3826879560947418 952
1783208735340 0.44692301750183105 953
1783208735376 0.2817818522453308 954
1783208735411 0.5170561075210571 955
1783208735446 0.40805116295814514 956
1783208735481 0.20743374526500702 957
1783208735516 0.7699679732322693 958
1783208735551 0.14428146183490753 959
1783208735587 0.21427927911281586 960
1783208735622 0.25051629543304443 961
1783208735657 0.3344023823738098 962
1783208735692 0.20294511318206787 963
1783208735727 0.30341145396232605 964
1783208735762 0.4109973907470703 965
1783208735797 0.17272688448429108 966
1783208735833 0.36767828464508057 967
1783208735869 0.4609263837337494 968
1783208735907 0.3747013807296753 969
1783208735945 0.07916669547557831 970
1783208735981 0.27590620517730713 971
1783208736018 0.4593658745288849 972
1783208736054 0.22426588833332062 973
1783208736090 0.25582364201545715 974
1783208736126 0.5077223181724548 975
1783208736162 0.22176146507263184 976
1783208736199 0.3841749429702759 977
1783208736237 0.1625206470489502 978
1783208736275 0.33332163095474243 979
1783208736312 0.4203084111213684 980
1783208736349 0.16240249574184418 981
1783208736385 0.1869378387928009 982
1783208736422 0.8118106126785278 983
1783208736458 0.33235853910446167 984
1783208736494 0.32813116908073425 985
1783208736531 0.6064392924308777 986
1783208736566 0.09745963662862778 987
1783208736602 0.18344810605049133 988
1783208736638 0.5454835295677185 989
1783208736675 0.4700705111026764 990
1783208736711 0.24631096422672272 991
1783208736747 0.5668719410896301 992
1783208736783 0.32886937260627747 993
1783208736817 0.39421170949935913 994
1783208736852 0.1967291384935379 995
1783208736888 0.325020968914032 996
1783208736924 0.5136980414390564 997
1783208736958 0.5091772675514221 998
1783208736992 0.8632501363754272 999
1783208737027 0.17119893431663513 1000
1783208737063 0.3790178894996643 1001
1783208737098 0.45957061648368835 1002
1783208737133 0.6240338087081909 1003
1783208737168 0.4381351172924042 1004
1783208737203 0.29225975275039673 1005
1783208737239 0.5006109476089478 1006
1783208737273 0.25675272941589355 1007
1783208737308 0.8248699903488159 1008
1783208737343 0.714154064655304 1009
1783208737378 0.38184118270874023 1010
1783208737413 0.49020475149154663 1011
1783208737448 0.477115273475647 1012
1783208737483 0.5373340249061584 1013
1783208737519 0.1933850198984146 1014
1783208737554 0.171716570854187 1015
1783208737589 0.5269379615783691 1016
1783208737624 0.24116799235343933 1017
1783208737660 0.538870096206665 1018
1783208737695 0.6490874886512756 1019
1783208737731 0.5324260592460632 1020
1783208737766 0.2814526855945587 1021
1783208737801 0.25100064277648926 1022
1783208737835 0.5056630373001099 1023
1783208737870 0.2846008837223053 1024
1783208737904 0.6291118264198303 1025
1783208737938 0.1413516253232956 1026
1783208737975 0.3494274318218231 1027
1783208738009 0.3766283392906189 1028
1783208738044 0.59247225522995 1029
1783208738080 0.5579445362091064 1030
1783208738116 0.25048625469207764 1031
1783208738152 0.170644149184227 1032
1783208738190 0.5589302778244019 1033
1783208738226 0.46940281987190247 1034
1783208738262 0.20326784253120422 1035
1783208738299 0.42396360635757446 1036
1783208738336 0.7877749800682068 1037
1783208738375 0.5261484980583191 1038
1783208738412 0.24128861725330353 1039
1783208738447 0.24069464206695557 1040
1783208738485 0.24246878921985626 1041
1783208738522 0.16250677406787872 1042
1783208738559 0.24361391365528107 1043
1783208738595 0.25718367099761963 1044
1783208738630 0.36034148931503296 1045
1783208738667 0.6337398290634155 1046
1783208738703 0.25267791748046875 1047
1783208738741 0.14988583326339722 1048
1783208738777 0.41266611218452454 1049
1783208738815 0.3375241160392761 1050
1783208738851 0.6968820691108704 1051
1783208738888 0.5948100686073303 1052
1783208738927 0.824385404586792 1053
1783208738963 0.3405492603778839 1054
1783208738999 0.33158549666404724 1055
1783208739037 0.3582976758480072 1056
1783208739073 0.32760947942733765 1057
1783208739107 0.21217799186706543 1058
1783208739142 0.24334481358528137 1059
1783208739177 0.28426969051361084 1060
1783208739212 0.3752148449420929 1061
1783208739246 0.3688269257545471 1062
1783208739281 0.3529197573661804 1063
1783208739316 0.4056704640388489 1064
1783208739351 0.7082808613777161 1065
1783208739385 0.18432322144508362 1066
1783208739420 0.2806169092655182 1067
1783208739454 0.2776626944541931 1068
1783208739488 0.30010348558425903 1069
1783208739524 0.9001886248588562 1070
1783208739560 0.23854310810565948 1071
1783208739595 0.514684796333313 1072
1783208739629 0.12511701881885529 1073
1783208739662 0.1815074235200882 1074
1783208739697 0.20554229617118835 1075
1783208739734 0.27966222167015076 1076
1783208739769 0.20513340830802917 1077
1783208739804 0.3894128203392029 1078
1783208739838 0.20030228793621063 1079
1783208739872 0.528311550617218 1080
1783208739906 0.5352134704589844 1081
1783208739941 0.228613942861557 1082
1783208739975 0.37729179859161377 1083
1783208740010 0.14725570380687714 1084
1783208740045 0.8352828621864319 1085
1783208740082 0.30220285058021545 1086
1783208740117 0.15310202538967133 1087
1783208740154 0.09084460139274597 1088
1783208740189 0.6252329349517822 1089
1783208740224 0.3899531364440918 1090
1783208740259 0.26881954073905945 1091
1783208740293 0.11799297481775284 1092
1783208740327 0.3971737027168274 1093
1783208740362 0.7080829739570618 1094
1783208740397 0.38232898712158203 1095
1783208740432 0.2979029417037964 1096
1783208740468 0.7432181239128113 1097
1783208740503 0.29797932505607605 1098
1783208740538 0.31044256687164307 1099
1783208740573 0.3770048916339874 1100
1783208740607 0.2449401468038559 1101
1783208740641 0.1959308385848999 1102
1783208740675 0.1264275759458542 1103
1783208740710 0.37236446142196655 1104
1783208740745 0.24198932945728302 1105
1783208740779 0.21311050653457642 1106
1783208740814 0.3731388449668884 1107
1783208740848 0.7220795750617981 1108
1783208740883 0.12711741030216217 1109
1783208740917 0.3511572778224945 1110
1783208740952 0.29221728444099426 1111
1783208740986 0.2015116810798645 1112
1783208741022 0.4525354504585266 1113
1783208741057 0.22877921164035797 1114
1783208741097 0.28359195590019226 1115
1783208741133 0.29319271445274353 1116
1783208741169 0.30847957730293274 1117
1783208741205 0.37116557359695435 1118
1783208741242 0.35818687081336975 1119
1783208741278 0.41148048639297485 1120
1783208741314 0.29033544659614563 1121
1783208741349 0.25756338238716125 1122
1783208741385 0.2643735408782959 1123
1783208741420 0.2382008284330368 1124
1783208741455 0.43327128887176514 1125
1783208741489 0.24518762528896332 1126
1783208741523 0.7319743037223816 1127
1783208741558 0.15806959569454193 1128
1783208741593 0.3381602466106415 1129
1783208741629 0.24244342744350433 1130
1783208741667 0.16804200410842896 1131
1783208741701 0.27283182740211487 1132
1783208741737 0.23052191734313965 1133
1783208741772 0.28522470593452454 1134
1783208741806 0.16051015257835388 1135
1783208741841 0.26667916774749756 1136
1783208741875 0.35575219988822937 1137
1783208741909 0.6207483410835266 1138
1783208741944 0.29774975776672363 1139
1783208741978 0.5408132076263428 1140
1783208742013 0.745073139667511 1141
1783208742048 0.18675358593463898 1142
1783208742083 0.21952398121356964 1143
1783208742117 0.2551501393318176 1144
1783208742153 0.6218416690826416 1145
1783208742189 0.4366263747215271 1146
1783208742225 0.21665161848068237 1147
1783208742261 0.12847645580768585 1148
1783208742297 0.49699071049690247 1149
1783208742334 0.30053234100341797 1150
1783208742370 0.2851731479167938 1151
1783208742407 0.3247401714324951 1152
1783208742442 0.282554566860199 1153
1783208742477 0.4240906238555908 1154
1783208742514 0.2533842921257019 1155
1783208742550 0.43229779601097107 1156
1783208742585 0.22957353293895721 1157
1783208742621 0.2665707468986511 1158
1783208742657 0.5059869885444641 1159
1783208742694 0.2522125840187073 1160
1783208742731 0.18168140947818756 1161
1783208742767 0.40328627824783325 1162
1783208742803 0.3001065254211426 1163
1783208742840 0.40595558285713196 1164
1783208742877 0.2889052927494049 1165
1783208742914 0.18926256895065308 1166
1783208742951 0.4629349410533905 1167
1783208742985 0.384917289018631 1168
1783208743021 0.5948429703712463 1169
1783208743058 0.7544037103652954 1170
1783208743094 0.32640203833580017 1171
1783208743133 0.5620276927947998 1172
1783208743168 0.25787270069122314 1173
1783208743205 0.13920581340789795 1174
1783208743242 0.20727157592773438 1175
1783208743277 0.20614755153656006 1176
1783208743313 0.37036898732185364 1177
1783208743350 0.5971840620040894 1178
1783208743386 0.16937121748924255 1179
1783208743424 0.3923782408237457 1180
1783208743458 0.6985915303230286 1181
1783208743494 0.3047971725463867 1182
1783208743530 0.46633774042129517 1183
1783208743567 0.22060254216194153 1184
1783208743601 0.6570277214050293 1185
1783208743639 0.5433518886566162 1186
1783208743677 0.5094208121299744 1187
1783208743718 0.5429200530052185 1188
1783208743754 0.31946301460266113 1189
1783208743793 0.4295765459537506 1190
1783208743830 0.5311840772628784 1191
1783208743868 0.5117400288581848 1192
1783208743905 0.28739964962005615 1193
1783208743942 0.39619970321655273 1194
1783208743981 0.1554969847202301 1195
1783208744020 0.20633123815059662 1196
1783208744056 0.28586795926094055 1197
1783208744093 0.3896344006061554 1198
1783208744129 0.4066743552684784 1199
1783208744165 0.2860065996646881 1200
1783208744201 0.1554660201072693 1201
1783208744241 0.2530632019042969 1202
1783208744280 0.47529536485671997 1203
1783208744317 0.3449823558330536 1204
1783208744354 0.5323867797851562 1205
1783208744392 0.2688312828540802 1206
1783208744430 0.3093048334121704 1207
1783208744468 0.3577404320240021 1208
1783208744507 0.43021059036254883 1209
1783208744545 0.5317872166633606 1210
1783208744584 0.1773097813129425 1211
1783208744620 0.26869574189186096 1212
1783208744658 0.3985152840614319 1213
1783208744698 0.15265634655952454 1214
1783208744736 0.2857871651649475 1215
1783208744776 0.22216762602329254 1216
1783208744814 0.29025280475616455 1217
1783208744851 0.37660613656044006 1218
1783208744889 0.3274230360984802 1219
1783208744926 0.33020007610321045 1220
1783208744963 0.2141968011856079 1221
1783208745001 0.4224604070186615 1222
1783208745039 0.3974419832229614 1223
1783208745076 0.2424311339855194 1224
1783208745113 0.1666276901960373 1225
1783208745151 0.5128130912780762 1226
1783208745185 0.35955238342285156 1227
1783208745221 1.002767562866211 1228
1783208745258 0.35016778111457825 1229
1783208745295 0.4005632996559143 1230
1783208745330 0.2559536397457123 1231
1783208745366 0.1355833113193512 1232
1783208745402 0.6572689414024353 1233
1783208745439 0.4438093304634094 1234
1783208745472 0.4239467978477478 1235
1783208745508 0.6515877842903137 1236
1783208745545 0.31738489866256714 1237
1783208745581 0.21423190832138062 1238
1783208745618 0.18715476989746094 1239
1783208745656 0.37612611055374146 1240
1783208745694 0.4704548716545105 1241
1783208745732 0.7465024590492249 1242
1783208745766 0.3362289369106293 1243
1783208745801 0.25333964824676514 1244
1783208745837 0.4776515066623688 1245
1783208745872 0.39562028646469116 1246
1783208745908 0.6229864358901978 1247
1783208745944 0.4274967610836029 1248
1783208745980 0.3113606572151184 1249
1783208746018 0.5621421337127686 1250
1783208746058 0.3148784339427948 1251
1783208746095 0.19595684111118317 1252
1783208746132 0.2714982032775879 1253
1783208746169 0.1579892486333847 1254
1783208746206 0.30945122241973877 1255
1783208746245 0.4573875665664673 1256
1783208746283 0.33629265427589417 1257
1783208746320 0.15648357570171356 1258
1783208746357 0.1921553760766983 1259
1783208746394 0.4782508909702301 1260
1783208746433 0.5490401983261108 1261
1783208746470 0.2002115398645401 1262
1783208746507 0.21356777846813202 1263
1783208746544 0.19805537164211273 1264
1783208746580 0.2798177897930145 1265
1783208746617 0.3242119550704956 1266
1783208746654 0.18212828040122986 1267
1783208746691 1.0054851770401 1268
1783208746726 0.2354118973016739 1269
1783208746763 0.312041312456131 1270
1783208746799 0.34968599677085876 1271
1783208746834 0.504728376865387 1272
1783208746873 0.2935187518596649 1273
1783208746912 0.48575979471206665 1274
1783208746947 0.32421422004699707 1275
1783208746981 0.2562575340270996 1276
1783208747018 0.4215839207172394 1277
1783208747056 0.47500288486480713 1278
1783208747093 0.32269978523254395 1279
1783208747130 0.4110484719276428 1280
1783208747168 0.09868770837783813 1281
1783208747209 0.4007108807563782 1282
1783208747248 0.44118377566337585 1283
1783208747285 0.12713532149791718 1284
1783208747323 0.2178383320569992 1285
1783208747359 0.3275734782218933 1286
1783208747398 0.20747163891792297 1287
1783208747435 0.280263751745224 1288
1783208747474 0.454834520816803 1289
1783208747512 0.26830771565437317 1290
1783208747550 0.33924275636672974 1291
1783208747589 0.2372540682554245 1292
1783208747628 0.35905754566192627 1293
1783208747667 0.19148263335227966 1294
1783208747702 0.22191999852657318 1295
1783208747740 0.3883540630340576 1296
1783208747777 0.2756063640117645 1297
1783208747815 0.15426349639892578 1298
1783208747852 0.2523651719093323 1299
1783208747892 0.5291742086410522 1300
1783208747928 0.29480448365211487 1301
1783208747968 0.5868441462516785 1302
1783208748008 0.9203662276268005 1303
1783208748045 0.5065569877624512 1304
1783208748081 0.19778060913085938 1305
1783208748117 0.24223902821540833 1306
1783208748152 0.18105757236480713 1307
1783208748187 0.3823378384113312 1308
1783208748223 0.2347312718629837 1309
1783208748260 0.6316903829574585 1310
1783208748304 0.09035351872444153 1311
1783208748340 0.2159196436405182 1312
1783208748381 0.2434738576412201 1313
1783208748416 0.7685950398445129 1314
1783208748454 0.35700279474258423 1315
1783208748490 0.6597009301185608 1316
1783208748526 0.26707133650779724 1317
1783208748563 0.5091495513916016 1318
1783208748599 0.45424216985702515 1319
1783208748636 0.32982003688812256 1320
1783208748673 0.4798508584499359 1321
1783208748711 0.2471831738948822 1322
1783208748747 0.47228553891181946 1323
1783208748782 0.23612195253372192 1324
1783208748818 0.3208051919937134 1325
1783208748853 0.27375295758247375 1326
1783208748889 0.24341577291488647 1327
1783208748925 0.2664552628993988 1328
1783208748960 0.18724659085273743 1329
1783208748996 0.2971259355545044 1330
1783208749032 0.4620792269706726 1331
1783208749073 0.6293864846229553 1332
1783208749109 0.3237047791481018 1333
1783208749144 0.15063287317752838 1334
1783208749179 0.34331047534942627 1335
1783208749214 0.3715956211090088 1336
1783208749248 0.2349584549665451 1337
1783208749283 0.43914249539375305 1338
1783208749320 0.14677247405052185 1339
1783208749354 0.39508235454559326 1340
1783208749389 0.2937678396701813 1341
1783208749425 0.14763884246349335 1342
1783208749461 0.3797024190425873 1343
1783208749495 0.42737558484077454 1344
1783208749531 0.4447948932647705 1345
1783208749566 0.4687008261680603 1346
1783208749601 0.36739134788513184 1347
1783208749636 0.5731375217437744 1348
1783208749670 0.2803315222263336 1349
1783208749704 0.24722875654697418 1350
1783208749739 0.3933527171611786 1351
1783208749774 0.48777323961257935 1352
1783208749810 0.409862756729126 1353
1783208749845 0.22143860161304474 1354
1783208749879 0.31153979897499084 1355
1783208749913 0.20911593735218048 1356
1783208749948 0.16130401194095612 1357
1783208749983 0.16775456070899963 1358
1783208750018 0.4060328006744385 1359
1783208750054 0.38036420941352844 1360
1783208750090 0.2742241621017456 1361
1783208750125 0.19071854650974274 1362
1783208750159 0.6155034303665161 1363
1783208750194 0.4179854691028595 1364
1783208750229 0.24305792152881622 1365
1783208750265 0.38651517033576965 1366
1783208750299 0.363945871591568 1367
1783208750335 0.14049625396728516 1368
1783208750369 0.16493487358093262 1369
1783208750404 0.4503736197948456 1370
1783208750440 0.2811247408390045 1371
1783208750477 0.958466112613678 1372
1783208750511 0.6117628216743469 1373
1783208750546 0.3179838955402374 1374
1783208750581 0.49141472578048706 1375
1783208750618 0.31811708211898804 1376
1783208750653 0.09627410024404526 1377
1783208750689 0.14981411397457123 1378
1783208750724 0.19599607586860657 1379
1783208750759 0.2544212341308594 1380
1783208750793 0.10249538719654083 1381
1783208750830 0.16749903559684753 1382
1783208750863 0.20755936205387115 1383
1783208750898 0.35195428133010864 1384
1783208750933 0.17661508917808533 1385
1783208750968 0.5517877340316772 1386
1783208751003 0.0923764556646347 1387
1783208751037 0.45640814304351807 1388
1783208751073 0.5121859312057495 1389
1783208751109 0.2311045378446579 1390
1783208751144 0.3809790313243866 1391
1783208751181 0.22835637629032135 1392
1783208751216 0.3782055377960205 1393
1783208751252 0.5423793792724609 1394
1783208751288 0.2814669609069824 1395
1783208751326 0.5536730885505676 1396
1783208751364 0.20830723643302917 1397
1783208751399 0.22930720448493958 1398
1783208751435 0.18166179955005646 1399
1783208751470 0.5876976251602173 1400
1783208751508 0.4002675414085388 1401
1783208751548 0.3796427845954895 1402
1783208751586 0.14129038155078888 1403
1783208751624 0.22530725598335266 1404
1783208751663 0.5170989036560059 1405
1783208751700 0.39412954449653625 1406
1783208751739 0.37948551774024963 1407
1783208751776 0.3098379373550415 1408
1783208751815 0.6636030673980713 1409
1783208751852 0.18673262000083923 1410
1783208751889 0.230940043926239 1411
1783208751928 0.2429390549659729 1412
1783208751965 0.3360362946987152 1413
1783208752002 0.34595787525177 1414
1783208752039 0.25360342860221863 1415
1783208752075 0.36764028668403625 1416
1783208752110 0.3132443428039551 1417
1783208752148 0.34047991037368774 1418
1783208752188 0.28234103322029114 1419
1783208752224 0.4552648365497589 1420
1783208752261 0.26172176003456116 1421
1783208752297 0.373418390750885 1422
1783208752334 0.6742574572563171 1423
1783208752370 0.39109933376312256 1424
1783208752406 0.8074291944503784 1425
1783208752445 0.37644121050834656 1426
1783208752484 0.6273069381713867 1427
1783208752521 0.23368321359157562 1428
1783208752559 0.1892111748456955 1429
1783208752595 0.21064074337482452 1430
1783208752634 0.4100273549556732 1431
1783208752673 0.2736400365829468 1432
1783208752709 0.1901160329580307 1433
1783208752747 0.26530444622039795 1434
1783208752783 0.20633302628993988 1435
1783208752820 0.3696206212043762 1436
1783208752859 0.3237588405609131 1437
1783208752896 0.13282610476016998 1438
1783208752933 0.21633194386959076 1439
1783208752971 0.521300196647644 1440
1783208753005 0.4620179235935211 1441
1783208753043 0.2261843979358673 1442
1783208753081 0.6103003025054932 1443
1783208753116 0.34792256355285645 1444
1783208753153 0.42626917362213135 1445
1783208753188 0.4363069236278534 1446
1783208753224 0.11784820258617401 1447
1783208753261 0.25136157870292664 1448
1783208753298 0.5379422903060913 1449
1783208753335 0.3532124161720276 1450
1783208753373 0.18237917125225067 1451
1783208753412 0.14788299798965454 1452
1783208753447 0.350472629070282 1453
1783208753481 0.532539427280426 1454
1783208753516 0.6137971878051758 1455
1783208753552 0.266846626996994 1456
1783208753586 0.34494268894195557 1457
1783208753622 0.08685048669576645 1458
1783208753657 0.25975364446640015 1459
1783208753692 0.26176148653030396 1460
1783208753728 0.3976004421710968 1461
1783208753764 0.2209378182888031 1462
1783208753800 0.4130868911743164 1463
1783208753838 0.6957776546478271 1464
1783208753875 0.40944135189056396 1465
1783208753915 0.4308779835700989 1466
1783208753960 0.26422303915023804 1467
1783208753999 0.5526744723320007 1468
1783208754037 0.2805705964565277 1469
1783208754074 0.25395771861076355 1470
1783208754110 0.5486980676651001 1471
1783208754146 0.5091611742973328 1472
1783208754180 0.5868395566940308 1473
1783208754216 0.19559167325496674 1474
1783208754251 0.19703245162963867 1475
1783208754286 0.22157007455825806 1476
1783208754321 0.3551444113254547 1477
1783208754357 0.20742307603359222 1478
1783208754394 0.2679310441017151 1479
1783208754429 0.14889512956142426 1480
1783208754466 0.3200066089630127 1481
1783208754503 0.23283810913562775 1482
1783208754539 0.14080782234668732 1483
1783208754574 0.6638177037239075 1484
1783208754609 0.6324361562728882 1485
1783208754644 0.32046881318092346 1486
1783208754680 0.2665022015571594 1487
1783208754715 0.4683518409729004 1488
1783208754750 0.22383716702461243 1489
1783208754785 0.4560275673866272 1490
1783208754820 0.27348098158836365 1491
1783208754855 0.22346529364585876 1492
1783208754891 0.3649144768714905 1493
1783208754926 0.4059966504573822 1494
1783208754962 0.30952969193458557 1495
1783208754997 0.42980700731277466 1496
1783208755033 0.5937647819519043 1497
1783208755071 0.45203498005867004 1498
1783208755108 0.16688893735408783 1499
1783208755144 0.3429906964302063 1500
1783208755180 0.464792937040329 1501
1783208755217 0.2563800513744354 1502
1783208755255 0.3044833242893219 1503
1783208755292 0.29762062430381775 1504
1783208755329 0.4530997574329376 1505
1783208755366 0.37630629539489746 1506
1783208755404 0.3843240737915039 1507
1783208755443 0.2958201467990875 1508
1783208755482 0.38837939500808716 1509
1783208755519 0.15675237774848938 1510
1783208755554 0.4164930284023285 1511
1783208755591 0.25877824425697327 1512
1783208755628 0.5393229722976685 1513
1783208755667 0.22654388844966888 1514
1783208755703 0.2709663510322571 1515
1783208755738 0.3051270842552185 1516
1783208755776 0.2618080973625183 1517
1783208755812 0.49301934242248535 1518
1783208755850 0.34921994805336 1519
1783208755887 0.1865687519311905 1520
1783208755924 0.1400507688522339 1521
1783208755958 0.4146789312362671 1522
1783208755996 0.7319198846817017 1523
1783208756034 0.1892249584197998 1524
1783208756072 0.24488243460655212 1525
1783208756111 0.45826658606529236 1526
1783208756152 0.31057560443878174 1527
1783208756192 0.3349097967147827 1528
1783208756229 0.5455806851387024 1529
1783208756268 0.748543381690979 1530
1783208756306 0.3486784100532532 1531
1783208756344 0.20429056882858276 1532
1783208756381 0.4783327579498291 1533
1783208756418 0.6658125519752502 1534
1783208756455 0.4012865126132965 1535
1783208756492 0.3498605191707611 1536
1783208756529 0.33001604676246643 1537
1783208756567 0.2822782099246979 1538
1783208756601 0.5138089656829834 1539
1783208756638 0.46189406514167786 1540
1783208756677 0.3571322560310364 1541
1783208756716 0.3532392084598541 1542
1783208756754 0.2425806224346161 1543
1783208756792 0.27210843563079834 1544
1783208756829 0.39412909746170044 1545
1783208756866 0.2667959928512573 1546
1783208756903 0.17289294302463531 1547
1783208756938 0.36866137385368347 1548
1783208756975 0.201352059841156 1549
1783208757013 0.2674490213394165 1550
1783208757050 0.48861759901046753 1551
1783208757087 0.5167050361633301 1552
1783208757123 0.15850168466567993 1553
1783208757158 0.21118411421775818 1554
1783208757197 0.37060919404029846 1555
1783208757233 0.5844631791114807 1556
1783208757271 0.26713672280311584 1557
1783208757306 0.300408273935318 1558
1783208757342 0.33469143509864807 1559
1783208757378 0.10074026137590408 1560
1783208757416 0.29609742760658264 1561
1783208757452 0.3374038338661194 1562
1783208757489 0.31715697050094604 1563
1783208757525 0.6288846731185913 1564
1783208757562 0.5633888244628906 1565
1783208757600 0.24285385012626648 1566
1783208757635 0.26349303126335144 1567
1783208757672 0.31625744700431824 1568
1783208757707 0.21849189698696136 1569
1783208757743 0.24508832395076752 1570
1783208757778 0.41472765803337097 1571
1783208757815 0.19881998002529144 1572
1783208757849 0.2739638090133667 1573
1783208757885 0.34076470136642456 1574
1783208757922 0.3115746080875397 1575
1783208757958 0.562469482421875 1576
1783208757995 0.27530208230018616 1577
1783208758036 0.3125951290130615 1578
1783208758072 0.25485458970069885 1579
1783208758106 0.28925925493240356 1580
1783208758141 0.2680288553237915 1581
1783208758177 0.348704993724823 1582
1783208758211 0.45320287346839905 1583
1783208758245 0.4301142394542694 1584
1783208758279 0.20101884007453918 1585
1783208758313 0.27813494205474854 1586
1783208758349 0.21992520987987518 1587
1783208758383 0.17509154975414276 1588
1783208758418 0.14317043125629425 1589
1783208758455 0.15569283068180084 1590
1783208758491 0.14625947177410126 1591
1783208758526 0.26446887850761414 1592
1783208758560 0.7257927656173706 1593
1783208758595 0.619949460029602 1594
1783208758631 0.22894324362277985 1595
1783208758666 0.2316323220729828 1596
1783208758702 0.2780279815196991 1597
1783208758736 0.19780099391937256 1598
1783208758770 0.29604464769363403 1599
1783208758804 0.32433363795280457 1600
1783208758838 0.12862804532051086 1601
1783208758873 0.18566802144050598 1602
1783208758908 0.40831905603408813 1603
1783208758945 0.33319219946861267 1604
1783208758980 0.3105068802833557 1605
1783208759016 0.17820259928703308 1606
1783208759056 0.2587411403656006 1607
1783208759095 0.6206888556480408 1608
1783208759131 0.20634159445762634 1609
1783208759168 0.423828125 1610
1783208759206 0.5235019326210022 1611
1783208759244 0.20480935275554657 1612
1783208759282 0.6847310662269592 1613
1783208759321 0.33932986855506897 1614
1783208759359 0.44180527329444885 1615
1783208759395 0.21147115528583527 1616
1783208759429 0.337833434343338 1617
1783208759466 0.4037414491176605 1618
1783208759502 0.23613472282886505 1619
1783208759540 0.32959896326065063 1620
1783208759584 0.31379005312919617 1621
1783208759623 0.28766563534736633 1622
1783208759658 0.21417245268821716 1623
1783208759695 0.2899107038974762 1624
1783208759732 0.26879411935806274 1625
1783208759768 0.1841086745262146 1626
1783208759804 0.24854673445224762 1627
1783208759841 0.3415220379829407 1628
1783208759877 0.09809251874685287 1629
1783208759913 0.244495689868927 1630
1783208759951 0.6040434241294861 1631
1783208759987 0.43322211503982544 1632
1783208760023 0.30878347158432007 1633
1783208760060 0.23891617357730865 1634
1783208760101 0.34739434719085693 1635
1783208760138 0.23568826913833618 1636
1783208760175 0.41228944063186646 1637
1783208760212 0.39158615469932556 1638
1783208760249 0.19758304953575134 1639
1783208760285 0.28628507256507874 1640
1783208760322 0.5448477864265442 1641
1783208760359 0.523344874382019 1642
1783208760397 0.7463942766189575 1643
1783208760434 0.22651147842407227 1644
1783208760472 0.11215564608573914 1645
1783208760509 0.33553680777549744 1646
1783208760547 0.386406809091568 1647
1783208760582 0.18603886663913727 1648
1783208760619 0.40571630001068115 1649
1783208760654 0.4069425165653229 1650
1783208760692 0.22237759828567505 1651
1783208760730 0.1714067906141281 1652
1783208760767 0.18909098207950592 1653
1783208760804 0.3645220100879669 1654
1783208760840 0.20168578624725342 1655
1783208760878 0.45723390579223633 1656
1783208760915 0.15764294564723969 1657
1783208760953 0.26338523626327515 1658
1783208760991 0.42213350534439087 1659
1783208761028 0.199675053358078 1660
1783208761066 0.30377477407455444 1661
1783208761106 0.2051258385181427 1662
1783208761144 0.1809379905462265 1663
1783208761180 0.6423346996307373 1664
1783208761220 0.20169351994991302 1665
1783208761261 0.6088930368423462 1666
1783208761298 0.4966919422149658 1667
1783208761337 0.12952402234077454 1668
1783208761376 0.5596343874931335 1669
1783208761412 0.15631955862045288 1670
1783208761447 0.5248286724090576 1671
1783208761486 0.30475127696990967 1672
1783208761523 0.0951240137219429 1673
1783208761559 0.2821788191795349 1674
1783208761595 0.3581681251525879 1675
1783208761632 0.3295656442642212 1676
1783208761670 0.11972326785326004 1677
1783208761708 0.18721330165863037 1678
1783208761744 0.46362292766571045 1679
1783208761782 0.37585562467575073 1680
1783208761820 0.4604548215866089 1681
1783208761856 0.445756733417511 1682
1783208761894 0.3013317584991455 1683
1783208761931 0.21874740719795227 1684
1783208761968 0.302914559841156 1685
1783208762007 0.806479275226593 1686
1783208762045 0.7228820323944092 1687
1783208762084 0.5003793239593506 1688
1783208762120 0.323761910200119 1689
1783208762155 0.24712862074375153 1690
1783208762190 0.41808563470840454 1691
1783208762224 0.15046431124210358 1692
1783208762259 0.37757277488708496 1693
1783208762293 0.26817575097084045 1694
1783208762327 0.4074912667274475 1695
1783208762361 0.47368818521499634 1696
1783208762396 0.27912718057632446 1697
1783208762431 0.3197805881500244 1698
1783208762466 0.419792503118515 1699
1783208762501 0.39686092734336853 1700
1783208762537 0.15958935022354126 1701
1783208762573 0.230024054646492 1702
1783208762609 0.3203674554824829 1703
1783208762648 0.40821465849876404 1704
1783208762684 0.38058769702911377 1705
1783208762719 0.27740657329559326 1706
1783208762755 0.7176063060760498 1707
1783208762790 0.23838554322719574 1708
1783208762825 0.3307317793369293 1709
1783208762860 0.4053218364715576 1710
1783208762894 0.29542186856269836 1711
1783208762932 0.27134138345718384 1712
1783208762969 0.1892683506011963 1713
1783208763005 0.1851857602596283 1714
1783208763040 0.4304666221141815 1715
1783208763073 0.38347694277763367 1716
1783208763108 0.23911422491073608 1717
1783208763142 0.12698842585086823 1718
1783208763177 0.3957679271697998 1719
1783208763211 0.1744973361492157 1720
1783208763246 0.41550174355506897 1721
1783208763282 0.34453365206718445 1722
1783208763317 0.2870733141899109 1723
1783208763352 0.11822335422039032 1724
1783208763387 0.4737553298473358 1725
1783208763422 0.34036099910736084 1726
1783208763458 0.3191336393356323 1727
1783208763493 0.19389693439006805 1728
1783208763528 0.1289364993572235 1729
1783208763564 0.14493383467197418 1730
1783208763599 0.11708170175552368 1731
1783208763634 0.22575271129608154 1732
1783208763670 0.18751586973667145 1733
1783208763706 0.2276800572872162 1734
1783208763742 0.39237111806869507 1735
1783208763777 0.5905261635780334 1736
1783208763810 0.4161854088306427 1737
1783208763845 0.31477969884872437 1738
1783208763879 0.3118797242641449 1739
1783208763914 0.300780326128006 1740
1783208763950 0.2982028126716614 1741
1783208763986 0.4709469676017761 1742
1783208764021 0.4554590582847595 1743
1783208764056 0.2844453752040863 1744
1783208764091 0.24809440970420837 1745
1783208764126 0.45447540283203125 1746
1783208764160 0.09877429902553558 1747
1783208764196 0.11568547785282135 1748
1783208764233 0.3940385580062866 1749
1783208764270 0.20394544303417206 1750
1783208764306 0.42363977432250977 1751
1783208764341 0.6917674541473389 1752
1783208764375 0.1356561928987503 1753
1783208764410 0.44326308369636536 1754
1783208764444 0.2377827912569046 1755
1783208764479 0.24552735686302185 1756
1783208764514 0.23643894493579865 1757
1783208764550 0.6103706955909729 1758
1783208764584 0.3266044557094574 1759
1783208764620 0.3318706452846527 1760
1783208764656 0.3945711553096771 1761
1783208764692 0.10037384927272797 1762
1783208764728 0.43572288751602173 1763
1783208764762 0.23262643814086914 1764
1783208764798 0.33229300379753113 1765
1783208764834 0.21753594279289246 1766
1783208764869 0.29207751154899597 1767
1783208764905 0.07274904102087021 1768
1783208764939 0.11178553104400635 1769
1783208764975 0.1611507087945938 1770
1783208765011 0.15137328207492828 1771
1783208765046 0.20555387437343597 1772
1783208765080 0.2868240177631378 1773
1783208765117 0.3242134153842926 1774
1783208765152 1.0793429613113403 1775
1783208765186 0.642576277256012 1776
1783208765220 0.627375602722168 1777
1783208765254 0.44627171754837036 1778
1783208765287 0.2792249619960785 1779
1783208765321 0.27540719509124756 1780
